{
    "0_0": 0.0,
    "0_1": 176795.82913699377,
    "0_2": 174708.88027150015,
    "0_3": 164013.53024792863,
    "0_4": 219048.81279859543,
    "0_5": 150540.28299104143,
    "0_6": 139861.26765064095,
    "0_7": 42458.34976134421,
    "0_8": 29472.57261109646,
    "0_9": 136300.88168220886,
    "0_10": 13491.981435092104,
    "0_11": 43893.609607815,
    "0_12": 83651.30306841033,
    "0_13": 75365.48943920882,
    "0_14": 100708.9222426116,
    "0_15": 204282.0768805058,
    "0_16": 217258.76044557002,
    "0_17": 12261.247152276579,
    "0_18": 138214.98615233568,
    "0_19": 21920.51904971817,
    "0_20": 70570.42858745944,
    "0_21": 185806.43634612634,
    "0_22": 83663.74143857819,
    "0_23": 92633.48871849054,
    "0_24": 85140.92110979655,
    "1_0": 176795.82913699377,
    "1_1": 0.0,
    "1_2": 23825.128606255683,
    "1_3": 160031.26172370822,
    "1_4": 175658.38827517797,
    "1_5": 180421.2285024098,
    "1_6": 125147.23768254403,
    "1_7": 216665.06624783948,
    "1_8": 199576.28890468838,
    "1_9": 57176.35268573586,
    "1_10": 190262.07994972667,
    "1_11": 136564.77630406225,
    "1_12": 158536.2862953806,
    "1_13": 230807.93299472,
    "1_14": 217660.2707600592,
    "1_15": 119681.6061519564,
    "1_16": 61257.00642911017,
    "1_17": 187342.61074951853,
    "1_18": 245172.10952914588,
    "1_19": 158813.06503987144,
    "1_20": 106267.48996502925,
    "1_21": 32217.59073952806,
    "1_22": 232979.29813822688,
    "1_23": 210303.60130048534,
    "1_24": 99599.80337026814,
    "2_0": 174708.88027150015,
    "2_1": 23825.128606255683,
    "2_2": 0.0,
    "2_3": 178730.89381385516,
    "2_4": 197945.09831889227,
    "2_5": 196860.71036943607,
    "2_6": 142446.1402680445,
    "2_7": 212510.72306756792,
    "2_8": 199677.0806975002,
    "2_9": 71827.49962373717,
    "2_10": 187952.958938339,
    "2_11": 132263.93615672426,
    "2_12": 167936.8914022023,
    "2_13": 234525.03707842017,
    "2_14": 226256.41993399622,
    "2_15": 142906.49257246166,
    "2_16": 46799.73236653852,
    "2_17": 184347.13873491235,
    "2_18": 256025.4308693218,
    "2_19": 155128.06008638392,
    "2_20": 105675.73074582173,
    "2_21": 12829.051030721213,
    "2_22": 237746.18585200713,
    "2_23": 218459.03900384033,
    "2_24": 105066.16859739825,
    "3_0": 164013.53024792863,
    "3_1": 160031.26172370822,
    "3_2": 178730.89381385516,
    "3_3": 0.0,
    "3_4": 57027.74436676481,
    "3_5": 31689.73878393179,
    "3_6": 38104.74152548204,
    "3_7": 200790.67807474517,
    "3_8": 162460.24266335127,
    "3_9": 108137.56245261768,
    "3_10": 172614.4528930068,
    "3_11": 159505.8036441589,
    "3_12": 81929.45523660611,
    "3_13": 157857.75828018773,
    "3_14": 114892.37060118797,
    "3_15": 75696.50366924219,
    "3_16": 221253.21882809335,
    "3_17": 175269.57654489143,
    "3_18": 119619.78378301837,
    "3_19": 164960.2399281839,
    "3_20": 135575.42407187683,
    "3_21": 190511.1025954022,
    "3_22": 152145.08628467904,
    "3_23": 113331.82831946338,
    "3_24": 109615.30115701315,
    "4_0": 219048.81279859543,
    "4_1": 175658.38827517797,
    "4_2": 197945.09831889227,
    "4_3": 57027.74436676481,
    "4_4": 0.0,
    "4_5": 83295.19690097826,
    "4_6": 81748.34438919104,
    "4_7": 257014.45409540017,
    "4_8": 219148.59717217853,
    "4_9": 136008.75713868922,
    "4_10": 228352.2070534317,
    "4_11": 209594.66565476402,
    "4_12": 138481.60155521898,
    "4_13": 214324.22518616577,
    "4_14": 169665.5258391841,
    "4_15": 59460.70360389337,
    "4_16": 233848.6782768506,
    "4_17": 230630.88664057798,
    "4_18": 168219.19761394596,
    "4_19": 217902.54839465595,
    "4_20": 181687.43841538636,
    "4_21": 207861.56149028914,
    "4_22": 208142.50564000092,
    "4_23": 168986.7237192919,
    "4_24": 154823.5680902572,
    "5_0": 150540.28299104143,
    "5_1": 180421.2285024098,
    "5_2": 196860.71036943607,
    "5_3": 31689.73878393179,
    "5_4": 83295.19690097826,
    "5_5": 0.0,
    "5_6": 55516.445818791035,
    "5_7": 183479.1552364491,
    "5_8": 143849.59969477772,
    "5_9": 125034.75787661123,
    "5_10": 157193.95829219857,
    "5_11": 154495.3925580777,
    "5_12": 67092.45571868657,
    "5_13": 132309.67057210414,
    "5_14": 86430.64435052607,
    "5_15": 107123.89848784628,
    "5_16": 241435.24708333844,
    "5_17": 160775.75473188478,
    "5_18": 88035.21648650992,
    "5_19": 155530.27616651694,
    "5_20": 136365.62041835097,
    "5_21": 209211.8629558382,
    "5_22": 125478.53022733152,
    "5_23": 86196.37241658515,
    "5_24": 113030.46679620686,
    "6_0": 139861.26765064095,
    "6_1": 125147.23768254403,
    "6_2": 142446.1402680445,
    "6_3": 38104.74152548204,
    "6_4": 81748.34438919104,
    "6_5": 55516.445818791035,
    "6_6": 0.0,
    "6_7": 179859.6515613056,
    "6_8": 144427.40034702237,
    "6_9": 70982.38536604334,
    "6_10": 150301.61231400774,
    "6_11": 127846.38317129498,
    "6_12": 66565.54347800842,
    "6_13": 150710.18920769164,
    "6_14": 116332.8405972011,
    "6_15": 69667.70962898657,
    "6_16": 186307.44877157387,
    "6_17": 151831.98148257143,
    "6_18": 132297.89765267374,
    "6_19": 136795.62363548347,
    "6_20": 100705.90484157662,
    "6_21": 154567.2218033143,
    "6_22": 147430.8820870264,
    "6_23": 112033.48415943973,
    "6_24": 74027.7929352301,
    "7_0": 42458.34976134421,
    "7_1": 216665.06624783948,
    "7_2": 212510.72306756792,
    "7_3": 200790.67807474517,
    "7_4": 257014.45409540017,
    "7_5": 183479.1552364491,
    "7_6": 179859.6515613056,
    "7_7": 0.0,
    "7_8": 40012.31575664605,
    "7_9": 178488.08628184427,
    "7_10": 29990.790292092486,
    "7_11": 80372.32330770693,
    "7_12": 118895.20726627794,
    "7_13": 76012.99996527558,
    "7_14": 117577.64720490159,
    "7_15": 245790.96342071754,
    "7_16": 252904.61820960452,
    "7_17": 30423.068807775704,
    "7_18": 152038.56038324017,
    "7_19": 57852.0145778993,
    "7_20": 111283.57002827282,
    "7_21": 222902.58282227238,
    "7_22": 86691.54235247058,
    "7_23": 111238.3314724855,
    "7_24": 127527.55726979449,
    "8_0": 29472.57261109646,
    "8_1": 199576.28890468838,
    "8_2": 199677.0806975002,
    "8_3": 162460.24266335127,
    "8_4": 219148.59717217853,
    "8_5": 143849.59969477772,
    "8_6": 144427.40034702237,
    "8_7": 40012.31575664605,
    "8_8": 0.0,
    "8_9": 154244.9869143577,
    "8_10": 22319.068075038085,
    "8_11": 72096.67238365387,
    "8_12": 80672.30836613743,
    "8_13": 46604.07875705365,
    "8_14": 79586.99650108935,
    "8_15": 212368.8761926636,
    "8_16": 243490.17547566106,
    "8_17": 28627.973686166963,
    "8_18": 115737.94785925538,
    "8_19": 51219.36967464756,
    "8_20": 94065.98201427363,
    "8_21": 211250.17145977408,
    "8_22": 55696.95008120878,
    "8_23": 72562.66064010338,
    "8_24": 102864.3787482306,
    "9_0": 136300.88168220886,
    "9_1": 57176.35268573586,
    "9_2": 71827.49962373717,
    "9_3": 108137.56245261768,
    "9_4": 136008.75713868922,
    "9_5": 125034.75787661123,
    "9_6": 70982.38536604334,
    "9_7": 178488.08628184427,
    "9_8": 154244.9869143577,
    "9_9": 0.0,
    "9_10": 149555.98591414237,
    "9_11": 103736.62958994087,
    "9_12": 102630.68504497108,
    "9_13": 179558.19111817115,
    "9_14": 161848.083426771,
    "9_15": 90742.95505771722,
    "9_16": 117005.75380684772,
    "9_17": 148085.64759636103,
    "9_18": 188214.4146419176,
    "9_19": 122635.16458005564,
    "9_20": 69604.0816150463,
    "9_21": 84239.84399875073,
    "9_22": 180471.6743519617,
    "9_23": 154845.63504465407,
    "9_24": 51544.023405907705,
    "10_0": 13491.981435092104,
    "10_1": 190262.07994972667,
    "10_2": 187952.958938339,
    "10_3": 172614.4528930068,
    "10_4": 228352.2070534317,
    "10_5": 157193.95829219857,
    "10_6": 150301.61231400774,
    "10_7": 29990.790292092486,
    "10_8": 22319.068075038085,
    "10_9": 149555.98591414237,
    "10_10": 0.0,
    "10_11": 56470.32043794723,
    "10_12": 91150.14121993104,
    "10_13": 68708.1519727299,
    "10_14": 100203.23168732514,
    "10_15": 215839.89518449455,
    "10_16": 230185.35353658468,
    "10_17": 6341.794659517628,
    "10_18": 137029.10336055304,
    "10_19": 33737.87971009144,
    "10_20": 84054.52852474361,
    "10_21": 198952.52563371052,
    "10_22": 77993.05911611792,
    "10_23": 92667.69047856786,
    "10_24": 98255.60132152551,
    "11_0": 43893.609607815,
    "11_1": 136564.77630406225,
    "11_2": 132263.93615672426,
    "11_3": 159505.8036441589,
    "11_4": 209594.66565476402,
    "11_5": 154495.3925580777,
    "11_6": 127846.38317129498,
    "11_7": 80372.32330770693,
    "11_8": 72096.67238365387,
    "11_9": 103736.62958994087,
    "11_10": 56470.32043794723,
    "11_11": 0.0,
    "11_12": 90461.85052006636,
    "11_13": 115059.46799842338,
    "11_14": 128517.8129209148,
    "11_15": 183550.451404065,
    "11_16": 173782.4724027931,
    "11_17": 52312.77227170289,
    "11_18": 165736.94877670144,
    "11_19": 22948.462835668754,
    "11_20": 34144.99901447526,
    "11_21": 142918.32632497317,
    "11_22": 121728.68598136175,
    "11_23": 119816.68270366786,
    "11_24": 57901.78853032721,
    "12_0": 83651.30306841033,
    "12_1": 158536.2862953806,
    "12_2": 167936.8914022023,
    "12_3": 81929.45523660611,
    "12_4": 138481.60155521898,
    "12_5": 67092.45571868657,
    "12_6": 66565.54347800842,
    "12_7": 118895.20726627794,
    "12_8": 80672.30836613743,
    "12_9": 102630.68504497108,
    "12_10": 91150.14121993104,
    "12_11": 90461.85052006636,
    "12_12": 0.0,
    "12_13": 84721.70386950401,
    "12_14": 59228.54600868952,
    "12_15": 136180.59336326964,
    "12_16": 214734.97828500564,
    "12_17": 94273.16422307858,
    "12_18": 88540.60666437712,
    "12_19": 88829.38029436108,
    "12_20": 80368.38427440655,
    "12_21": 180749.81900232108,
    "12_22": 82552.0051316904,
    "12_23": 52302.297396654634,
    "12_24": 65132.924662742655,
    "13_0": 75365.48943920882,
    "13_1": 230807.93299472,
    "13_2": 234525.03707842017,
    "13_3": 157857.75828018773,
    "13_4": 214324.22518616577,
    "13_5": 132309.67057210414,
    "13_6": 150710.18920769164,
    "13_7": 76012.99996527558,
    "13_8": 46604.07875705365,
    "13_9": 179558.19111817115,
    "13_10": 68708.1519727299,
    "13_11": 115059.46799842338,
    "13_12": 84721.70386950401,
    "13_13": 0.0,
    "13_14": 49367.09114856161,
    "13_15": 220333.91289514588,
    "13_16": 280058.04590751167,
    "13_17": 75049.94247758131,
    "13_18": 78144.43075600357,
    "13_19": 96316.97652365055,
    "13_20": 130205.13600127921,
    "13_21": 246748.2989897509,
    "13_22": 10820.258846125957,
    "13_23": 46707.49956184701,
    "13_24": 131217.84977897297,
    "14_0": 100708.9222426116,
    "14_1": 217660.2707600592,
    "14_2": 226256.41993399622,
    "14_3": 114892.37060118797,
    "14_4": 169665.5258391841,
    "14_5": 86430.64435052607,
    "14_6": 116332.8405972011,
    "14_7": 117577.64720490159,
    "14_8": 79586.99650108935,
    "14_9": 161848.083426771,
    "14_10": 100203.23168732514,
    "14_11": 128517.8129209148,
    "14_12": 59228.54600868952,
    "14_13": 49367.09114856161,
    "14_14": 0.0,
    "14_15": 183893.57911187477,
    "14_16": 273019.3757388741,
    "14_17": 105913.99297757314,
    "14_18": 37697.835738619026,
    "14_19": 116632.39220708444,
    "14_20": 130890.25378839031,
    "14_21": 239018.5262226372,
    "14_22": 40563.189895541545,
    "14_23": 8725.410049327007,
    "14_24": 121742.74794967467,
    "15_0": 204282.0768805058,
    "15_1": 119681.6061519564,
    "15_2": 142906.49257246166,
    "15_3": 75696.50366924219,
    "15_4": 59460.70360389337,
    "15_5": 107123.89848784628,
    "15_6": 69667.70962898657,
    "15_7": 245790.96342071754,
    "15_8": 212368.8761926636,
    "15_9": 90742.95505771722,
    "15_10": 215839.89518449455,
    "15_11": 183550.451404065,
    "15_12": 136180.59336326964,
    "15_13": 220333.91289514588,
    "15_14": 183893.57911187477,
    "15_15": 0.0,
    "15_16": 175771.92346416155,
    "15_17": 216514.724158258,
    "15_18": 194162.8683305212,
    "15_19": 197299.7395910676,
    "15_20": 151171.34697633277,
    "15_21": 151756.98584614016,
    "15_22": 216801.11343467855,
    "15_23": 180415.57690060342,
    "15_24": 125651.90474381713,
    "16_0": 217258.76044557002,
    "16_1": 61257.00642911017,
    "16_2": 46799.73236653852,
    "16_3": 221253.21882809335,
    "16_4": 233848.6782768506,
    "16_5": 241435.24708333844,
    "16_6": 186307.44877157387,
    "16_7": 252904.61820960452,
    "16_8": 243490.17547566106,
    "16_9": 117005.75380684772,
    "16_10": 230185.35353658468,
    "16_11": 173782.4724027931,
    "16_12": 214734.97828500564,
    "16_13": 280058.04590751167,
    "16_14": 273019.3757388741,
    "16_15": 175771.92346416155,
    "16_16": 0.0,
    "16_17": 226074.81420469427,
    "16_18": 302770.4763104434,
    "16_19": 196705.92512369828,
    "16_20": 150212.40038103727,
    "16_21": 34004.08078747629,
    "16_22": 283673.4125790562,
    "16_23": 265186.6819778119,
    "16_24": 151637.8549536924,
    "17_0": 12261.247152276579,
    "17_1": 187342.61074951853,
    "17_2": 184347.13873491235,
    "17_3": 175269.57654489143,
    "17_4": 230630.88664057798,
    "17_5": 160775.75473188478,
    "17_6": 151831.98148257143,
    "17_7": 30423.068807775704,
    "17_8": 28627.973686166963,
    "17_9": 148085.64759636103,
    "17_10": 6341.794659517628,
    "17_11": 52312.77227170289,
    "17_12": 94273.16422307858,
    "17_13": 75049.94247758131,
    "17_14": 105913.99297757314,
    "17_15": 216514.724158258,
    "17_16": 226074.81420469427,
    "17_17": 0.0,
    "17_18": 142904.21347028678,
    "17_19": 29370.784332843363,
    "17_20": 81408.15704725098,
    "17_21": 195165.1052273053,
    "17_22": 84317.42360485985,
    "17_23": 98253.84306077128,
    "17_24": 97110.76212020272,
    "18_0": 138214.98615233568,
    "18_1": 245172.10952914588,
    "18_2": 256025.4308693218,
    "18_3": 119619.78378301837,
    "18_4": 168219.19761394596,
    "18_5": 88035.21648650992,
    "18_6": 132297.89765267374,
    "18_7": 152038.56038324017,
    "18_8": 115737.94785925538,
    "18_9": 188214.4146419176,
    "18_10": 137029.10336055304,
    "18_11": 165736.94877670144,
    "18_12": 88540.60666437712,
    "18_13": 78144.43075600357,
    "18_14": 37697.835738619026,
    "18_15": 194162.8683305212,
    "18_16": 302770.4763104434,
    "18_17": 142904.21347028678,
    "18_18": 0.0,
    "18_19": 154324.04205700714,
    "18_20": 165716.4691664725,
    "18_21": 268853.99559110525,
    "18_22": 67482.17729974062,
    "18_23": 46196.429020062715,
    "18_24": 153544.88507088978,
    "19_0": 21920.51904971817,
    "19_1": 158813.06503987144,
    "19_2": 155128.06008638392,
    "19_3": 164960.2399281839,
    "19_4": 217902.54839465595,
    "19_5": 155530.27616651694,
    "19_6": 136795.62363548347,
    "19_7": 57852.0145778993,
    "19_8": 51219.36967464756,
    "19_9": 122635.16458005564,
    "19_10": 33737.87971009144,
    "19_11": 22948.462835668754,
    "19_12": 88829.38029436108,
    "19_13": 96316.97652365055,
    "19_14": 116632.39220708444,
    "19_15": 197299.7395910676,
    "19_16": 196705.92512369828,
    "19_17": 29370.784332843363,
    "19_18": 154324.04205700714,
    "19_19": 0.0,
    "19_20": 53904.20628727642,
    "19_21": 165850.24238079673,
    "19_22": 104019.72520114161,
    "19_23": 108160.56385626791,
    "19_24": 73377.15076957464,
    "20_0": 70570.42858745944,
    "20_1": 106267.48996502925,
    "20_2": 105675.73074582173,
    "20_3": 135575.42407187683,
    "20_4": 181687.43841538636,
    "20_5": 136365.62041835097,
    "20_6": 100705.90484157662,
    "20_7": 111283.57002827282,
    "20_8": 94065.98201427363,
    "20_9": 69604.0816150463,
    "20_10": 84054.52852474361,
    "20_11": 34144.99901447526,
    "20_12": 80368.38427440655,
    "20_13": 130205.13600127921,
    "20_14": 130890.25378839031,
    "20_15": 151171.34697633277,
    "20_16": 150212.40038103727,
    "20_17": 81408.15704725098,
    "20_18": 165716.4691664725,
    "20_19": 53904.20628727642,
    "20_20": 0.0,
    "20_21": 117430.38197018362,
    "20_22": 134564.31500676763,
    "20_23": 122335.3436058009,
    "20_24": 26870.089359865047,
    "21_0": 185806.43634612634,
    "21_1": 32217.59073952806,
    "21_2": 12829.051030721213,
    "21_3": 190511.1025954022,
    "21_4": 207861.56149028914,
    "21_5": 209211.8629558382,
    "21_6": 154567.2218033143,
    "21_7": 222902.58282227238,
    "21_8": 211250.17145977408,
    "21_9": 84239.84399875073,
    "21_10": 198952.52563371052,
    "21_11": 142918.32632497317,
    "21_12": 180749.81900232108,
    "21_13": 246748.2989897509,
    "21_14": 239018.5262226372,
    "21_15": 151756.98584614016,
    "21_16": 34004.08078747629,
    "21_17": 195165.1052273053,
    "21_18": 268853.99559110525,
    "21_19": 165850.24238079673,
    "21_20": 117430.38197018362,
    "21_21": 0.0,
    "21_22": 250124.10003805807,
    "21_23": 231197.01581691453,
    "21_24": 117709.91881281903,
    "22_0": 83663.74143857819,
    "22_1": 232979.29813822688,
    "22_2": 237746.18585200713,
    "22_3": 152145.08628467904,
    "22_4": 208142.50564000092,
    "22_5": 125478.53022733152,
    "22_6": 147430.8820870264,
    "22_7": 86691.54235247058,
    "22_8": 55696.95008120878,
    "22_9": 180471.6743519617,
    "22_10": 77993.05911611792,
    "22_11": 121728.68598136175,
    "22_12": 82552.0051316904,
    "22_13": 10820.258846125957,
    "22_14": 40563.189895541545,
    "22_15": 216801.11343467855,
    "22_16": 283673.4125790562,
    "22_17": 84317.42360485985,
    "22_18": 67482.17729974062,
    "22_19": 104019.72520114161,
    "22_20": 134564.31500676763,
    "22_21": 250124.10003805807,
    "22_22": 0.0,
    "22_23": 39284.84708231869,
    "22_24": 133487.1103241797,
    "23_0": 92633.48871849054,
    "23_1": 210303.60130048534,
    "23_2": 218459.03900384033,
    "23_3": 113331.82831946338,
    "23_4": 168986.7237192919,
    "23_5": 86196.37241658515,
    "23_6": 112033.48415943973,
    "23_7": 111238.3314724855,
    "23_8": 72562.66064010338,
    "23_9": 154845.63504465407,
    "23_10": 92667.69047856786,
    "23_11": 119816.68270366786,
    "23_12": 52302.297396654634,
    "23_13": 46707.49956184701,
    "23_14": 8725.410049327007,
    "23_15": 180415.57690060342,
    "23_16": 265186.6819778119,
    "23_17": 98253.84306077128,
    "23_18": 46196.429020062715,
    "23_19": 108160.56385626791,
    "23_20": 122335.3436058009,
    "23_21": 231197.01581691453,
    "23_22": 39284.84708231869,
    "23_23": 0.0,
    "23_24": 113727.43106949606,
    "24_0": 85140.92110979655,
    "24_1": 99599.80337026814,
    "24_2": 105066.16859739825,
    "24_3": 109615.30115701315,
    "24_4": 154823.5680902572,
    "24_5": 113030.46679620686,
    "24_6": 74027.7929352301,
    "24_7": 127527.55726979449,
    "24_8": 102864.3787482306,
    "24_9": 51544.023405907705,
    "24_10": 98255.60132152551,
    "24_11": 57901.78853032721,
    "24_12": 65132.924662742655,
    "24_13": 131217.84977897297,
    "24_14": 121742.74794967467,
    "24_15": 125651.90474381713,
    "24_16": 151637.8549536924,
    "24_17": 97110.76212020272,
    "24_18": 153544.88507088978,
    "24_19": 73377.15076957464,
    "24_20": 26870.089359865047,
    "24_21": 117709.91881281903,
    "24_22": 133487.1103241797,
    "24_23": 113727.43106949606,
    "24_24": 0.0
}