{
    "0_0": 0.0,
    "0_1": 59081.14733655404,
    "0_2": 219087.48486729278,
    "0_3": 22975.6322907949,
    "0_4": 158040.38199043483,
    "0_5": 83633.44810879194,
    "0_6": 107929.15504189026,
    "0_7": 101062.89508785638,
    "0_8": 182673.8334504772,
    "0_9": 130742.65188494106,
    "0_10": 42443.66480559047,
    "0_11": 200890.76038263418,
    "0_12": 62256.02581514626,
    "0_13": 117513.58245882594,
    "0_14": 93374.17403598572,
    "0_15": 79978.17051614022,
    "0_16": 198798.34423819624,
    "0_17": 80071.3658825955,
    "0_18": 130846.76566392626,
    "0_19": 55198.44988725236,
    "0_20": 202764.9104766627,
    "0_21": 91654.6161007009,
    "0_22": 104419.87656314358,
    "0_23": 147905.1793326913,
    "0_24": 36551.4565446229,
    "1_0": 59081.14733655404,
    "1_1": 0.0,
    "1_2": 177554.97717847594,
    "1_3": 65328.05449684447,
    "1_4": 104671.03882024907,
    "1_5": 39824.932573409125,
    "1_6": 53656.301063681036,
    "1_7": 115024.61812361986,
    "1_8": 130143.3483626251,
    "1_9": 112358.87796278327,
    "1_10": 33236.78709943106,
    "1_11": 142416.3446379875,
    "1_12": 82639.42907918853,
    "1_13": 60482.49914866014,
    "1_14": 70405.00689675056,
    "1_15": 28682.077654468085,
    "1_16": 140248.83372803166,
    "1_17": 21269.307302360252,
    "1_18": 160860.79667068756,
    "1_19": 44491.90393690092,
    "1_20": 147270.64506380918,
    "1_21": 46796.05289958073,
    "1_22": 70089.78610395703,
    "1_23": 120813.68463973657,
    "1_24": 67562.94087515792,
    "2_0": 219087.48486729278,
    "2_1": 177554.97717847594,
    "2_2": 0.0,
    "2_3": 235843.41681784473,
    "2_4": 195484.08735564956,
    "2_5": 139285.01756854076,
    "2_6": 127663.99684171415,
    "2_7": 169378.71988096816,
    "2_8": 69181.9763683263,
    "2_9": 105228.67053695924,
    "2_10": 176946.38550605543,
    "2_11": 166460.30288346607,
    "2_12": 260113.77400146786,
    "2_13": 129156.11711010594,
    "2_14": 235811.8655719947,
    "2_15": 186507.44733367048,
    "2_16": 120569.19927922796,
    "2_17": 168826.64787219054,
    "2_18": 214143.00896434096,
    "2_19": 164310.1139704039,
    "2_20": 200231.43045454036,
    "2_21": 200055.34794258678,
    "2_22": 114669.42924071616,
    "2_23": 81131.76101235795,
    "2_24": 195982.7187858661,
    "3_0": 22975.6322907949,
    "3_1": 65328.05449684447,
    "3_2": 235843.41681784473,
    "3_3": 0.0,
    "3_4": 153680.66937426483,
    "3_5": 97489.83744894994,
    "3_6": 118211.92023778032,
    "3_7": 124012.94463487304,
    "3_8": 194487.850593419,
    "3_9": 151766.2436840303,
    "3_10": 59562.79465946284,
    "3_11": 201545.23215562213,
    "3_12": 39772.09224932186,
    "3_13": 125807.84830764378,
    "3_14": 79282.90687675767,
    "3_15": 78821.84386703277,
    "3_16": 204706.02149422563,
    "3_17": 84225.0644246329,
    "3_18": 151954.37006640225,
    "3_19": 74459.17843408206,
    "3_20": 199377.38805734002,
    "3_21": 86084.96041236926,
    "3_22": 121767.92940329095,
    "3_23": 167684.83091274602,
    "3_24": 59520.1815431171,
    "4_0": 158040.38199043483,
    "4_1": 104671.03882024907,
    "4_2": 195484.08735564956,
    "4_3": 153680.66937426483,
    "4_4": 0.0,
    "4_5": 116800.78639453213,
    "4_6": 95577.51072595107,
    "4_7": 212346.55154993726,
    "4_8": 126850.47859359732,
    "4_9": 185495.84755821273,
    "4_10": 137258.10005565605,
    "4_11": 59744.49070985841,
    "4_12": 143831.2205360207,
    "4_13": 83514.45686363449,
    "4_14": 88186.62002948424,
    "4_15": 78435.63992594696,
    "4_16": 91660.53920354202,
    "4_17": 85124.59130629929,
    "4_18": 262321.7736596067,
    "4_19": 144659.09966735778,
    "4_20": 45936.284424302125,
    "4_21": 67595.78643573447,
    "4_22": 139407.12170477048,
    "4_23": 180627.64930812735,
    "4_24": 172227.1215845904,
    "5_0": 83633.44810879194,
    "5_1": 39824.932573409125,
    "5_2": 139285.01756854076,
    "5_3": 97489.83744894994,
    "5_4": 116800.78639453213,
    "5_5": 0.0,
    "5_6": 29212.89324070623,
    "5_7": 96226.66675345796,
    "5_8": 99272.1709269665,
    "5_9": 76102.5879091197,
    "5_10": 41943.24820651352,
    "5_11": 138095.34780915477,
    "5_12": 121250.72189787982,
    "5_13": 42657.577316726194,
    "5_14": 107640.53582257243,
    "5_15": 59007.24464305505,
    "5_16": 123027.96770226561,
    "5_17": 40631.87190906212,
    "5_18": 147913.04477284002,
    "5_19": 36871.16168485902,
    "5_20": 152322.86256828226,
    "5_21": 77407.73859454211,
    "5_22": 30848.519135109953,
    "5_23": 81663.05756947571,
    "5_24": 73096.76494902303,
    "6_0": 107929.15504189026,
    "6_1": 53656.301063681036,
    "6_2": 127663.99684171415,
    "6_3": 118211.92023778032,
    "6_4": 95577.51072595107,
    "6_5": 29212.89324070623,
    "6_6": 0.0,
    "6_7": 122593.65851012863,
    "6_8": 76499.21694116374,
    "6_9": 90023.5669756096,
    "6_10": 68615.6193965168,
    "6_11": 109804.73309930575,
    "6_12": 135171.0659502133,
    "6_13": 14050.675964555601,
    "6_14": 108686.00115852428,
    "6_15": 58913.66999091936,
    "6_16": 94069.94985450903,
    "6_17": 41258.63621956688,
    "6_18": 175225.5585083312,
    "6_19": 65912.54876745057,
    "6_20": 126632.9141905182,
    "6_21": 73710.53721872623,
    "6_22": 43929.093864173534,
    "6_23": 87675.82549606392,
    "6_24": 101767.47448073559,
    "7_0": 101062.89508785638,
    "7_1": 115024.61812361986,
    "7_2": 169378.71988096816,
    "7_3": 124012.94463487304,
    "7_4": 212346.55154993726,
    "7_5": 96226.66675345796,
    "7_6": 122593.65851012863,
    "7_7": 0.0,
    "7_8": 167435.43914305512,
    "7_9": 64314.0517122459,
    "7_10": 83745.37054490497,
    "7_11": 232064.21505104634,
    "7_12": 163074.1180694981,
    "7_13": 136637.64777178463,
    "7_14": 180699.52974059977,
    "7_15": 143403.1418533375,
    "7_16": 208897.68851332273,
    "7_17": 129581.07701659831,
    "7_18": 53332.36009125217,
    "7_19": 70547.56353677622,
    "7_20": 248450.02355740694,
    "7_21": 161816.9180707423,
    "7_22": 83538.49591330484,
    "7_23": 88509.52048405989,
    "7_24": 64524.05161822837,
    "8_0": 182673.8334504772,
    "8_1": 130143.3483626251,
    "8_2": 69181.9763683263,
    "8_3": 194487.850593419,
    "8_4": 126850.47859359732,
    "8_5": 99272.1709269665,
    "8_6": 76499.21694116374,
    "8_7": 167435.43914305512,
    "8_8": 0.0,
    "8_9": 109518.47338289852,
    "8_10": 141198.91124234372,
    "8_11": 99367.35721171272,
    "8_12": 210812.36467650902,
    "8_13": 71870.83694464083,
    "8_14": 176873.24295492086,
    "8_15": 130685.01168865549,
    "8_16": 56002.88065164019,
    "8_17": 115652.4585901699,
    "8_18": 219588.1396607564,
    "8_19": 133634.2493804949,
    "8_20": 131939.73063156565,
    "8_21": 140756.80316771223,
    "8_22": 88434.11116038122,
    "8_23": 90180.77453648654,
    "8_24": 169791.66437088535,
    "9_0": 130742.65188494106,
    "9_1": 112358.87796278327,
    "9_2": 105228.67053695924,
    "9_3": 151766.2436840303,
    "9_4": 185495.84755821273,
    "9_5": 76102.5879091197,
    "9_6": 90023.5669756096,
    "9_7": 64314.0517122459,
    "9_8": 109518.47338289852,
    "9_9": 0.0,
    "9_10": 94264.70756275182,
    "9_11": 189734.68050360313,
    "9_12": 185126.41775930274,
    "9_13": 102156.04481584589,
    "9_14": 182519.0073676582,
    "9_15": 135000.96481880374,
    "9_16": 158093.89302990492,
    "9_17": 116733.06606278177,
    "9_18": 112454.36306925326,
    "9_19": 78071.4823570905,
    "9_20": 212943.47250044005,
    "9_21": 153504.88311592335,
    "9_22": 47031.69352394816,
    "9_23": 24196.52911558882,
    "9_24": 99773.5158596187,
    "10_0": 42443.66480559047,
    "10_1": 33236.78709943106,
    "10_2": 176946.38550605543,
    "10_3": 59562.79465946284,
    "10_4": 137258.10005565605,
    "10_5": 41943.24820651352,
    "10_6": 68615.6193965168,
    "10_7": 83745.37054490497,
    "10_8": 141198.91124234372,
    "10_9": 94264.70756275182,
    "10_10": 0.0,
    "10_11": 170742.93432417387,
    "10_12": 90861.75516931523,
    "10_13": 80025.96015314481,
    "10_14": 97250.13846810792,
    "10_15": 61789.89371353372,
    "10_16": 162104.5164321588,
    "10_17": 52265.16812456693,
    "10_18": 127798.72982307665,
    "10_19": 16426.528060410004,
    "10_20": 178705.02356054258,
    "10_21": 79287.75551936051,
    "10_22": 62419.36848417736,
    "10_23": 108514.3343901952,
    "10_24": 35720.142101195845,
    "11_0": 200890.76038263418,
    "11_1": 142416.3446379875,
    "11_2": 166460.30288346607,
    "11_3": 201545.23215562213,
    "11_4": 59744.49070985841,
    "11_5": 138095.34780915477,
    "11_6": 109804.73309930575,
    "11_7": 232064.21505104634,
    "11_8": 99367.35721171272,
    "11_9": 189734.68050360313,
    "11_10": 170742.93432417387,
    "11_11": 0.0,
    "11_12": 198540.38132790735,
    "11_13": 95799.1705110534,
    "11_14": 145578.5120050036,
    "11_15": 122729.41279895436,
    "11_16": 46553.13336381039,
    "11_17": 121151.31178414417,
    "11_18": 284950.4416577081,
    "11_19": 172994.80300304331,
    "11_20": 35449.757776933024,
    "11_21": 118494.48396764926,
    "11_22": 149951.5661608979,
    "11_23": 177502.9243792676,
    "11_24": 206332.1999432443,
    "12_0": 62256.02581514626,
    "12_1": 82639.42907918853,
    "12_2": 260113.77400146786,
    "12_3": 39772.09224932186,
    "12_4": 143831.2205360207,
    "12_5": 121250.72189787982,
    "12_6": 135171.0659502133,
    "12_7": 163074.1180694981,
    "12_8": 210812.36467650902,
    "12_9": 185126.41775930274,
    "12_10": 90861.75516931523,
    "12_11": 198540.38132790735,
    "12_12": 0.0,
    "12_13": 139133.40682290972,
    "12_14": 57431.11942467063,
    "12_15": 82252.84014381976,
    "12_16": 210654.57169304587,
    "12_17": 95204.39287445444,
    "12_18": 191518.2584094588,
    "12_19": 107121.77997839062,
    "12_20": 189409.39233998625,
    "12_21": 80440.05428169132,
    "12_22": 149490.57816302782,
    "12_23": 198462.79970327395,
    "12_24": 98601.60551658188,
    "13_0": 117513.58245882594,
    "13_1": 60482.49914866014,
    "13_2": 129156.11711010594,
    "13_3": 125807.84830764378,
    "13_4": 83514.45686363449,
    "13_5": 42657.577316726194,
    "13_6": 14050.675964555601,
    "13_7": 136637.64777178463,
    "13_8": 71870.83694464083,
    "13_9": 102156.04481584589,
    "13_10": 80025.96015314481,
    "13_11": 95799.1705110534,
    "13_12": 139133.40682290972,
    "13_13": 0.0,
    "13_14": 106965.16151474204,
    "13_15": 59034.91387956076,
    "13_16": 82089.33387009523,
    "13_17": 43938.67265814869,
    "13_18": 189271.76425399637,
    "13_19": 78857.13765313076,
    "13_20": 112867.82770889395,
    "13_21": 70987.04248009507,
    "13_22": 57055.41923357252,
    "13_23": 97628.66213368918,
    "13_24": 114166.88146607955,
    "14_0": 93374.17403598572,
    "14_1": 70405.00689675056,
    "14_2": 235811.8655719947,
    "14_3": 79282.90687675767,
    "14_4": 88186.62002948424,
    "14_5": 107640.53582257243,
    "14_6": 108686.00115852428,
    "14_7": 180699.52974059977,
    "14_8": 176873.24295492086,
    "14_9": 182519.0073676582,
    "14_10": 97250.13846810792,
    "14_11": 145578.5120050036,
    "14_12": 57431.11942467063,
    "14_13": 106965.16151474204,
    "14_14": 0.0,
    "14_15": 50146.182882174646,
    "14_16": 164728.1344080497,
    "14_17": 68926.2919112687,
    "14_18": 220506.69104655675,
    "14_19": 112193.15584055345,
    "14_20": 133026.05653047722,
    "14_21": 36154.47399370322,
    "14_22": 138477.80385175595,
    "14_23": 189204.44019051676,
    "14_24": 122136.57133424486,
    "15_0": 79978.17051614022,
    "15_1": 28682.077654468085,
    "15_2": 186507.44733367048,
    "15_3": 78821.84386703277,
    "15_4": 78435.63992594696,
    "15_5": 59007.24464305505,
    "15_6": 58913.66999091936,
    "15_7": 143403.1418533375,
    "15_8": 130685.01168865549,
    "15_9": 135000.96481880374,
    "15_10": 61789.89371353372,
    "15_11": 122729.41279895436,
    "15_12": 82252.84014381976,
    "15_13": 59034.91387956076,
    "15_14": 50146.182882174646,
    "15_15": 0.0,
    "15_16": 128923.30763090558,
    "15_17": 18909.87474795638,
    "15_18": 189525.23998906944,
    "15_19": 72882.3720443278,
    "15_20": 122792.63714413194,
    "15_21": 18903.434809632854,
    "15_22": 89512.49656640101,
    "15_23": 139850.519865373,
    "15_24": 95096.51565989888,
    "16_0": 198798.34423819624,
    "16_1": 140248.83372803166,
    "16_2": 120569.19927922796,
    "16_3": 204706.02149422563,
    "16_4": 91660.53920354202,
    "16_5": 123027.96770226561,
    "16_6": 94069.94985450903,
    "16_7": 208897.68851332273,
    "16_8": 56002.88065164019,
    "16_9": 158093.89302990492,
    "16_10": 162104.5164321588,
    "16_11": 46553.13336381039,
    "16_12": 210654.57169304587,
    "16_13": 82089.33387009523,
    "16_14": 164728.1344080497,
    "16_15": 128923.30763090558,
    "16_16": 0.0,
    "16_17": 120481.76181513483,
    "16_18": 262195.8130771163,
    "16_19": 159886.69631799156,
    "16_20": 81615.07422265934,
    "16_21": 131550.8847875846,
    "16_22": 125446.15004474134,
    "16_23": 142056.28394138205,
    "16_24": 195833.9784596061,
    "17_0": 80071.3658825955,
    "17_1": 21269.307302360252,
    "17_2": 168826.64787219054,
    "17_3": 84225.0644246329,
    "17_4": 85124.59130629929,
    "17_5": 40631.87190906212,
    "17_6": 41258.63621956688,
    "17_7": 129581.07701659831,
    "17_8": 115652.4585901699,
    "17_9": 116733.06606278177,
    "17_10": 52265.16812456693,
    "17_11": 121151.31178414417,
    "17_12": 95204.39287445444,
    "17_13": 43938.67265814869,
    "17_14": 68926.2919112687,
    "17_15": 18909.87474795638,
    "17_16": 120481.76181513483,
    "17_17": 0.0,
    "17_18": 177882.03433547108,
    "17_19": 60036.32240779881,
    "17_20": 126624.08353891301,
    "17_21": 36807.25998455431,
    "17_22": 70816.6175514806,
    "17_23": 120993.91715007644,
    "17_24": 87662.13130659434,
    "18_0": 130846.76566392626,
    "18_1": 160860.79667068756,
    "18_2": 214143.00896434096,
    "18_3": 151954.37006640225,
    "18_4": 262321.7736596067,
    "18_5": 147913.04477284002,
    "18_6": 175225.5585083312,
    "18_7": 53332.36009125217,
    "18_8": 219588.1396607564,
    "18_9": 112454.36306925326,
    "18_10": 127798.72982307665,
    "18_11": 284950.4416577081,
    "18_12": 191518.2584094588,
    "18_13": 189271.76425399637,
    "18_14": 220506.69104655675,
    "18_15": 189525.23998906944,
    "18_16": 262195.8130771163,
    "18_17": 177882.03433547108,
    "18_18": 0.0,
    "18_19": 117855.37045326171,
    "18_20": 300133.8103121803,
    "18_21": 207032.28871730907,
    "18_22": 136870.4821342701,
    "18_23": 135863.7270579089,
    "18_24": 98372.94772041323,
    "19_0": 55198.44988725236,
    "19_1": 44491.90393690092,
    "19_2": 164310.1139704039,
    "19_3": 74459.17843408206,
    "19_4": 144659.09966735778,
    "19_5": 36871.16168485902,
    "19_6": 65912.54876745057,
    "19_7": 70547.56353677622,
    "19_8": 133634.2493804949,
    "19_9": 78071.4823570905,
    "19_10": 16426.528060410004,
    "19_11": 172994.80300304331,
    "19_12": 107121.77997839062,
    "19_13": 78857.13765313076,
    "19_14": 112193.15584055345,
    "19_15": 72882.3720443278,
    "19_16": 159886.69631799156,
    "19_17": 60036.32240779881,
    "19_18": 117855.37045326171,
    "19_19": 0.0,
    "19_20": 184047.27933333415,
    "19_21": 91273.78362757755,
    "19_22": 49834.35317683354,
    "19_23": 93234.85969492444,
    "19_24": 36480.9809698249,
    "20_0": 202764.9104766627,
    "20_1": 147270.64506380918,
    "20_2": 200231.43045454036,
    "20_3": 199377.38805734002,
    "20_4": 45936.284424302125,
    "20_5": 152322.86256828226,
    "20_6": 126632.9141905182,
    "20_7": 248450.02355740694,
    "20_8": 131939.73063156565,
    "20_9": 212943.47250044005,
    "20_10": 178705.02356054258,
    "20_11": 35449.757776933024,
    "20_12": 189409.39233998625,
    "20_13": 112867.82770889395,
    "20_14": 133026.05653047722,
    "20_15": 122792.63714413194,
    "20_16": 81615.07422265934,
    "20_17": 126624.08353891301,
    "20_18": 300133.8103121803,
    "20_19": 184047.27933333415,
    "20_20": 0.0,
    "20_21": 113343.13776912865,
    "20_22": 169718.95061344907,
    "20_23": 203530.30476978433,
    "20_24": 214264.4750825383,
    "21_0": 91654.6161007009,
    "21_1": 46796.05289958073,
    "21_2": 200055.34794258678,
    "21_3": 86084.96041236926,
    "21_4": 67595.78643573447,
    "21_5": 77407.73859454211,
    "21_6": 73710.53721872623,
    "21_7": 161816.9180707423,
    "21_8": 140756.80316771223,
    "21_9": 153504.88311592335,
    "21_10": 79287.75551936051,
    "21_11": 118494.48396764926,
    "21_12": 80440.05428169132,
    "21_13": 70987.04248009507,
    "21_14": 36154.47399370322,
    "21_15": 18903.434809632854,
    "21_16": 131550.8847875846,
    "21_17": 36807.25998455431,
    "21_18": 207032.28871730907,
    "21_19": 91273.78362757755,
    "21_20": 113343.13776912865,
    "21_21": 0.0,
    "21_22": 107577.7729898637,
    "21_23": 157482.17329862586,
    "21_24": 111110.86459898743,
    "22_0": 104419.87656314358,
    "22_1": 70089.78610395703,
    "22_2": 114669.42924071616,
    "22_3": 121767.92940329095,
    "22_4": 139407.12170477048,
    "22_5": 30848.519135109953,
    "22_6": 43929.093864173534,
    "22_7": 83538.49591330484,
    "22_8": 88434.11116038122,
    "22_9": 47031.69352394816,
    "22_10": 62419.36848417736,
    "22_11": 149951.5661608979,
    "22_12": 149490.57816302782,
    "22_13": 57055.41923357252,
    "22_14": 138477.80385175595,
    "22_15": 89512.49656640101,
    "22_16": 125446.15004474134,
    "22_17": 70816.6175514806,
    "22_18": 136870.4821342701,
    "22_19": 49834.35317683354,
    "22_20": 169718.95061344907,
    "22_21": 107577.7729898637,
    "22_22": 0.0,
    "22_23": 50844.40447796562,
    "22_24": 83714.98619564915,
    "23_0": 147905.1793326913,
    "23_1": 120813.68463973657,
    "23_2": 81131.76101235795,
    "23_3": 167684.83091274602,
    "23_4": 180627.64930812735,
    "23_5": 81663.05756947571,
    "23_6": 87675.82549606392,
    "23_7": 88509.52048405989,
    "23_8": 90180.77453648654,
    "23_9": 24196.52911558882,
    "23_10": 108514.3343901952,
    "23_11": 177502.9243792676,
    "23_12": 198462.79970327395,
    "23_13": 97628.66213368918,
    "23_14": 189204.44019051676,
    "23_15": 139850.519865373,
    "23_16": 142056.28394138205,
    "23_17": 120993.91715007644,
    "23_18": 135863.7270579089,
    "23_19": 93234.85969492444,
    "23_20": 203530.30476978433,
    "23_21": 157482.17329862586,
    "23_22": 50844.40447796562,
    "23_23": 0.0,
    "23_24": 119618.76842857603,
    "24_0": 36551.4565446229,
    "24_1": 67562.94087515792,
    "24_2": 195982.7187858661,
    "24_3": 59520.1815431171,
    "24_4": 172227.1215845904,
    "24_5": 73096.76494902303,
    "24_6": 101767.47448073559,
    "24_7": 64524.05161822837,
    "24_8": 169791.66437088535,
    "24_9": 99773.5158596187,
    "24_10": 35720.142101195845,
    "24_11": 206332.1999432443,
    "24_12": 98601.60551658188,
    "24_13": 114166.88146607955,
    "24_14": 122136.57133424486,
    "24_15": 95096.51565989888,
    "24_16": 195833.9784596061,
    "24_17": 87662.13130659434,
    "24_18": 98372.94772041323,
    "24_19": 36480.9809698249,
    "24_20": 214264.4750825383,
    "24_21": 111110.86459898743,
    "24_22": 83714.98619564915,
    "24_23": 119618.76842857603,
    "24_24": 0.0
}