{
    "0_0": 0.0,
    "0_1": 53615.589668301516,
    "0_2": 75239.07600166682,
    "0_3": 186075.08882197592,
    "0_4": 26445.270072774383,
    "0_5": 129696.26998294386,
    "0_6": 151724.71734981588,
    "0_7": 133189.13537676635,
    "0_8": 18304.88044624142,
    "0_9": 126919.33837863202,
    "0_10": 97546.79286134467,
    "0_11": 75415.60863057747,
    "0_12": 28978.64565598282,
    "0_13": 81366.03957486825,
    "0_14": 111507.38400805724,
    "0_15": 86891.7526996259,
    "0_16": 85169.39036888177,
    "0_17": 176314.98353145612,
    "0_18": 125486.44667414729,
    "0_19": 6574.782717187812,
    "0_20": 128899.9362962131,
    "0_21": 24269.772323717283,
    "0_22": 146860.40409319487,
    "0_23": 81783.59501536687,
    "0_24": 88573.75377048062,
    "1_0": 53615.589668301516,
    "1_1": 0.0,
    "1_2": 112596.81441800525,
    "1_3": 133946.32994027797,
    "1_4": 28717.929897872662,
    "1_5": 93500.42934848333,
    "1_6": 125280.83236841092,
    "1_7": 123798.1750742783,
    "1_8": 42657.412520727186,
    "1_9": 73443.87989365715,
    "1_10": 108430.57501999356,
    "1_11": 128265.74077813992,
    "1_12": 27892.637717241578,
    "1_13": 123936.59536516214,
    "1_14": 70665.5109314467,
    "1_15": 40744.207820676056,
    "1_16": 77644.35105773676,
    "1_17": 129996.70265718694,
    "1_18": 96249.07082590427,
    "1_19": 59864.970499415234,
    "1_20": 136057.4506934302,
    "1_21": 39960.51770124023,
    "1_22": 118287.09885479188,
    "1_23": 38072.980973588914,
    "1_24": 133586.14526835954,
    "2_0": 75239.07600166682,
    "2_1": 112596.81441800525,
    "2_2": 0.0,
    "2_3": 243187.13023051957,
    "2_4": 86626.94882402259,
    "2_5": 141614.0114730358,
    "2_6": 226482.38886286976,
    "2_7": 105991.49891954825,
    "2_8": 72997.99737428276,
    "2_9": 180170.3687779927,
    "2_10": 167944.15901355265,
    "2_11": 88315.50400524787,
    "2_12": 99200.32777319005,
    "2_13": 125832.47091407167,
    "2_14": 135071.7188570841,
    "2_15": 125375.8463272768,
    "2_16": 77726.43473334247,
    "2_17": 242588.19642222032,
    "2_18": 128475.63474378033,
    "2_19": 70325.11217030529,
    "2_20": 79862.54737933808,
    "2_21": 98886.59848233982,
    "2_22": 221235.49786064416,
    "2_23": 149008.36161068678,
    "2_24": 126232.93339348726,
    "3_0": 186075.08882197592,
    "3_1": 133946.32994027797,
    "3_2": 243187.13023051957,
    "3_3": 0.0,
    "3_4": 162633.0593053322,
    "3_5": 141711.48860334282,
    "3_6": 119275.55442017318,
    "3_7": 208576.82570891088,
    "3_8": 176590.34830776864,
    "3_9": 63185.470364712775,
    "3_10": 186554.10587490644,
    "3_11": 256767.78108546187,
    "3_12": 157402.58434259563,
    "3_13": 238224.86093794624,
    "3_14": 127009.74497517534,
    "3_15": 120561.63408093348,
    "3_16": 183158.56586232551,
    "3_17": 45459.88160810953,
    "3_18": 158723.33009897554,
    "3_19": 192592.19428599556,
    "3_20": 239580.10843302362,
    "3_21": 166177.7785103438,
    "3_22": 111964.49244664023,
    "3_23": 106876.73686734764,
    "3_24": 249771.49787924025,
    "4_0": 26445.270072774383,
    "4_1": 28717.929897872662,
    "4_2": 86626.94882402259,
    "4_3": 162633.0593053322,
    "4_4": 0.0,
    "4_5": 106050.04271488318,
    "4_6": 142739.6987994457,
    "4_7": 119608.361859266,
    "4_8": 14218.791875368937,
    "4_9": 101980.53836103751,
    "4_10": 105708.66462932712,
    "4_11": 101854.02082152305,
    "4_12": 16057.79482133248,
    "4_13": 104428.83338640678,
    "4_14": 86426.93595105155,
    "4_15": 60630.74093288116,
    "4_16": 70753.80760494631,
    "4_17": 156881.1661196216,
    "4_18": 103935.04319001065,
    "4_19": 32141.231137540504,
    "4_20": 123207.19121049345,
    "4_21": 24796.802493097297,
    "4_22": 136725.9503290738,
    "4_23": 62532.96418128759,
    "4_24": 112743.72514268702,
    "5_0": 129696.26998294386,
    "5_1": 93500.42934848333,
    "5_2": 141614.0114730358,
    "5_3": 141711.48860334282,
    "5_4": 106050.04271488318,
    "5_5": 0.0,
    "5_6": 198249.45607594098,
    "5_7": 68631.54256496,
    "5_8": 111544.50356088065,
    "5_9": 90302.47459777464,
    "5_10": 201727.24176875726,
    "5_11": 200460.9430045823,
    "5_12": 116541.53911300501,
    "5_13": 210343.1218581773,
    "5_14": 24262.27516782153,
    "5_15": 54408.31166555296,
    "5_16": 64028.00114688148,
    "5_17": 165952.98923088622,
    "5_18": 18074.219483912406,
    "5_19": 133372.25242837347,
    "5_20": 104982.67492817738,
    "5_21": 128671.40403237351,
    "5_22": 189837.5609860783,
    "5_23": 114073.4740227619,
    "5_24": 218179.89847410086,
    "6_0": 151724.71734981588,
    "6_1": 125280.83236841092,
    "6_2": 226482.38886286976,
    "6_3": 119275.55442017318,
    "6_4": 142739.6987994457,
    "6_5": 198249.45607594098,
    "6_6": 0.0,
    "6_7": 246227.8114304885,
    "6_8": 154740.95844098696,
    "6_9": 115635.82203171791,
    "6_10": 91618.9108141396,
    "6_11": 196963.3409188965,
    "6_12": 128098.64474983775,
    "6_13": 160639.70863418575,
    "6_14": 174607.88513612494,
    "6_15": 148295.25991452183,
    "6_16": 202467.40610720098,
    "6_17": 76691.49922408852,
    "6_18": 208529.458616184,
    "6_19": 157338.21856109975,
    "6_20": 261337.6176126673,
    "6_21": 127670.76117521375,
    "6_22": 8667.301181481484,
    "6_23": 89312.524423286,
    "6_24": 172223.6647198775,
    "7_0": 133189.13537676635,
    "7_1": 123798.1750742783,
    "7_2": 105991.49891954825,
    "7_3": 208576.82570891088,
    "7_4": 119608.361859266,
    "7_5": 68631.54256496,
    "7_6": 246227.8114304885,
    "7_7": 0.0,
    "7_8": 116610.09495574985,
    "7_9": 151903.8978962524,
    "7_10": 225313.35451708088,
    "7_11": 186486.43631730735,
    "7_12": 134997.66694218153,
    "7_13": 211329.71130813163,
    "7_14": 82038.7288305173,
    "7_15": 99661.09309711108,
    "7_16": 48890.21135326959,
    "7_17": 227873.2137667647,
    "7_18": 50653.907959753386,
    "7_19": 133645.25657897908,
    "7_20": 40483.58150477348,
    "7_21": 144206.83153875958,
    "7_22": 238494.9639877795,
    "7_23": 156989.11626494606,
    "7_24": 215940.28978151106,
    "8_0": 18304.88044624142,
    "8_1": 42657.412520727186,
    "8_2": 72997.99737428276,
    "8_3": 176590.34830776864,
    "8_4": 14218.791875368937,
    "8_5": 111544.50356088065,
    "8_6": 154740.95844098696,
    "8_7": 116610.09495574985,
    "8_8": 0.0,
    "8_9": 115491.5741903136,
    "8_10": 110517.8604575982,
    "8_11": 91420.94413637652,
    "8_12": 26644.707586539807,
    "8_13": 99652.47395818958,
    "8_14": 93900.34688171784,
    "8_15": 70739.21591844808,
    "8_16": 68047.70791844752,
    "8_17": 171055.06682742442,
    "8_18": 107185.00266634475,
    "8_19": 21989.193366375337,
    "8_20": 115716.58318085568,
    "8_21": 30163.19310065857,
    "8_22": 149050.1710908874,
    "8_23": 76578.06795738953,
    "8_24": 106849.99213795573,
    "9_0": 126919.33837863202,
    "9_1": 73443.87989365715,
    "9_2": 180170.3687779927,
    "9_3": 63185.470364712775,
    "9_4": 101980.53836103751,
    "9_5": 90302.47459777464,
    "9_6": 115635.82203171791,
    "9_7": 151903.8978962524,
    "9_8": 115491.5741903136,
    "9_9": 0.0,
    "9_10": 150897.23284335528,
    "9_11": 200534.8834973908,
    "9_12": 99375.41466394962,
    "9_13": 189081.75929239605,
    "9_14": 70345.11178611974,
    "9_15": 57908.42168181114,
    "9_16": 121381.52668889475,
    "9_17": 76201.67548275471,
    "9_18": 104858.38888245421,
    "9_19": 133251.36005263426,
    "9_20": 179457.82339342166,
    "9_21": 109768.91468573188,
    "9_22": 106968.57391974112,
    "9_23": 56448.8301858637,
    "9_24": 199946.33844610167,
    "10_0": 97546.79286134467,
    "10_1": 108430.57501999356,
    "10_2": 167944.15901355265,
    "10_3": 186554.10587490644,
    "10_4": 105708.66462932712,
    "10_5": 201727.24176875726,
    "10_6": 91618.9108141396,
    "10_7": 225313.35451708088,
    "10_8": 110517.8604575982,
    "10_9": 150897.23284335528,
    "10_10": 0.0,
    "10_11": 113357.40104369067,
    "10_12": 90474.41955281868,
    "10_13": 71068.76482008518,
    "10_14": 178316.26904843107,
    "10_15": 147791.72910859165,
    "10_16": 176460.81083644505,
    "10_17": 154706.914839669,
    "10_18": 204432.40601456707,
    "10_19": 100260.60401807907,
    "10_20": 225967.80698806723,
    "10_21": 81277.11779263511,
    "10_22": 92407.16097234166,
    "10_23": 96263.05262584981,
    "10_24": 82098.05330090386,
    "11_0": 75415.60863057747,
    "11_1": 128265.74077813992,
    "11_2": 88315.50400524787,
    "11_3": 256767.78108546187,
    "11_4": 101854.02082152305,
    "11_5": 200460.9430045823,
    "11_6": 196963.3409188965,
    "11_7": 186486.43631730735,
    "11_8": 91420.94413637652,
    "11_9": 200534.8834973908,
    "11_10": 113357.40104369067,
    "11_11": 0.0,
    "11_12": 101209.33838273778,
    "11_13": 47601.12567498065,
    "11_14": 184778.08425527086,
    "11_15": 161991.83978665352,
    "11_16": 145208.94355677004,
    "11_17": 240160.84784466974,
    "11_18": 193027.55857792334,
    "11_19": 69915.86324410279,
    "11_20": 167030.23740702347,
    "11_21": 90988.87690894895,
    "11_22": 194840.3333897283,
    "11_23": 149946.14433151318,
    "11_24": 42623.914767310176,
    "12_0": 28978.64565598282,
    "12_1": 27892.637717241578,
    "12_2": 99200.32777319005,
    "12_3": 157402.58434259563,
    "12_4": 16057.79482133248,
    "12_5": 116541.53911300501,
    "12_6": 128098.64474983775,
    "12_7": 134997.66694218153,
    "12_8": 26644.707586539807,
    "12_9": 99375.41466394962,
    "12_10": 90474.41955281868,
    "12_11": 101209.33838273778,
    "12_12": 0.0,
    "12_13": 96506.77512399956,
    "12_14": 95261.8711335834,
    "12_15": 66876.75456967238,
    "12_16": 86271.44264279952,
    "12_17": 147553.5339132094,
    "12_18": 116263.50540258025,
    "12_19": 35553.424860801904,
    "12_20": 139260.3432119473,
    "12_21": 12436.944655397752,
    "12_22": 122420.90340555736,
    "12_23": 52875.16630257928,
    "12_24": 105894.95499458764,
    "13_0": 81366.03957486825,
    "13_1": 123936.59536516214,
    "13_2": 125832.47091407167,
    "13_3": 238224.86093794624,
    "13_4": 104428.83338640678,
    "13_5": 210343.1218581773,
    "13_6": 160639.70863418575,
    "13_7": 211329.71130813163,
    "13_8": 99652.47395818958,
    "13_9": 189081.75929239605,
    "13_10": 71068.76482008518,
    "13_11": 47601.12567498065,
    "13_12": 96506.77512399956,
    "13_13": 0.0,
    "13_14": 190714.35923770667,
    "13_15": 163291.8267627288,
    "13_16": 165002.1470964057,
    "13_17": 214391.82155735145,
    "13_18": 206827.55778567857,
    "13_19": 79020.81304551658,
    "13_20": 199309.03911828788,
    "13_21": 84122.9636394587,
    "13_22": 160044.37872942802,
    "13_23": 133592.11525176934,
    "13_24": 11869.714172898312,
    "14_0": 111507.38400805724,
    "14_1": 70665.5109314467,
    "14_2": 135071.7188570841,
    "14_3": 127009.74497517534,
    "14_4": 86426.93595105155,
    "14_5": 24262.27516782153,
    "14_6": 174607.88513612494,
    "14_7": 82038.7288305173,
    "14_8": 93900.34688171784,
    "14_9": 70345.11178611974,
    "14_10": 178316.26904843107,
    "14_11": 184778.08425527086,
    "14_12": 95261.8711335834,
    "14_13": 190714.35923770667,
    "14_14": 0.0,
    "14_15": 30551.216523929863,
    "14_16": 61218.599528151506,
    "14_17": 146544.97201862684,
    "14_18": 34936.853278958035,
    "14_19": 115881.3825246204,
    "14_20": 113097.68199313192,
    "14_21": 107614.99168355876,
    "14_22": 166264.2653550462,
    "14_23": 89814.0747821973,
    "14_24": 199170.64745991759,
    "15_0": 86891.7526996259,
    "15_1": 40744.207820676056,
    "15_2": 125375.8463272768,
    "15_3": 120561.63408093348,
    "15_4": 60630.74093288116,
    "15_5": 54408.31166555296,
    "15_6": 148295.25991452183,
    "15_7": 99661.09309711108,
    "15_8": 70739.21591844808,
    "15_9": 57908.42168181114,
    "15_10": 147791.72910859165,
    "15_11": 161991.83978665352,
    "15_12": 66876.75456967238,
    "15_13": 163291.8267627288,
    "15_14": 30551.216523929863,
    "15_15": 0.0,
    "15_16": 63766.02159272946,
    "15_17": 130782.5440927339,
    "15_18": 60942.648475404545,
    "15_19": 92094.43387125395,
    "15_20": 122850.51063098536,
    "15_21": 79311.96768614903,
    "15_22": 140229.3605236271,
    "15_23": 60825.99936919182,
    "15_24": 172370.1736601297,
    "16_0": 85169.39036888177,
    "16_1": 77644.35105773676,
    "16_2": 77726.43473334247,
    "16_3": 183158.56586232551,
    "16_4": 70753.80760494631,
    "16_5": 64028.00114688148,
    "16_6": 202467.40610720098,
    "16_7": 48890.21135326959,
    "16_8": 68047.70791844752,
    "16_9": 121381.52668889475,
    "16_10": 176460.81083644505,
    "16_11": 145208.94355677004,
    "16_12": 86271.44264279952,
    "16_13": 165002.1470964057,
    "16_14": 61218.599528151506,
    "16_15": 63766.02159272946,
    "16_16": 0.0,
    "16_17": 194251.93211343972,
    "16_18": 51010.96239290306,
    "16_19": 86275.39220637712,
    "16_20": 60005.79701251881,
    "16_21": 95317.75485977372,
    "16_22": 195170.1884037645,
    "16_23": 113494.07675948598,
    "16_24": 170571.26424698366,
    "17_0": 176314.98353145612,
    "17_1": 129996.70265718694,
    "17_2": 242588.19642222032,
    "17_3": 45459.88160810953,
    "17_4": 156881.1661196216,
    "17_5": 165952.98923088622,
    "17_6": 76691.49922408852,
    "17_7": 227873.2137667647,
    "17_8": 171055.06682742442,
    "17_9": 76201.67548275471,
    "17_10": 154706.914839669,
    "17_11": 240160.84784466974,
    "17_12": 147553.5339132094,
    "17_13": 214391.82155735145,
    "17_14": 146544.97201862684,
    "17_15": 130782.5440927339,
    "17_16": 194251.93211343972,
    "17_17": 0.0,
    "17_18": 180997.61886370624,
    "17_19": 182850.84130907696,
    "17_20": 253633.0369430068,
    "17_21": 153516.02279026737,
    "17_22": 70368.79905182721,
    "17_23": 94770.6973406471,
    "17_24": 226235.5025677052,
    "18_0": 125486.44667414729,
    "18_1": 96249.07082590427,
    "18_2": 128475.63474378033,
    "18_3": 158723.33009897554,
    "18_4": 103935.04319001065,
    "18_5": 18074.219483912406,
    "18_6": 208529.458616184,
    "18_7": 50653.907959753386,
    "18_8": 107185.00266634475,
    "18_9": 104858.38888245421,
    "18_10": 204432.40601456707,
    "18_11": 193027.55857792334,
    "18_12": 116263.50540258025,
    "18_13": 206827.55778567857,
    "18_14": 34936.853278958035,
    "18_15": 60942.648475404545,
    "18_16": 51010.96239290306,
    "18_17": 180997.61886370624,
    "18_18": 0.0,
    "18_19": 128392.99610117402,
    "18_20": 87069.287172339,
    "18_21": 127855.79939351504,
    "18_22": 200295.98428804122,
    "18_23": 121767.37652980034,
    "18_24": 213896.69660168618,
    "19_0": 6574.782717187812,
    "19_1": 59864.970499415234,
    "19_2": 70325.11217030529,
    "19_3": 192592.19428599556,
    "19_4": 32141.231137540504,
    "19_5": 133372.25242837347,
    "19_6": 157338.21856109975,
    "19_7": 133645.25657897908,
    "19_8": 21989.193366375337,
    "19_9": 133251.36005263426,
    "19_10": 100260.60401807907,
    "19_11": 69915.86324410279,
    "19_12": 35553.424860801904,
    "19_13": 79020.81304551658,
    "19_14": 115881.3825246204,
    "19_15": 92094.43387125395,
    "19_16": 86275.39220637712,
    "19_17": 182850.84130907696,
    "19_18": 128392.99610117402,
    "19_19": 0.0,
    "19_20": 127344.9496173473,
    "19_21": 30355.859077234763,
    "19_22": 152630.14352126507,
    "19_23": 88349.2358944976,
    "19_24": 85533.52863438646,
    "20_0": 128899.9362962131,
    "20_1": 136057.4506934302,
    "20_2": 79862.54737933808,
    "20_3": 239580.10843302362,
    "20_4": 123207.19121049345,
    "20_5": 104982.67492817738,
    "20_6": 261337.6176126673,
    "20_7": 40483.58150477348,
    "20_8": 115716.58318085568,
    "20_9": 179457.82339342166,
    "20_10": 225967.80698806723,
    "20_11": 167030.23740702347,
    "20_12": 139260.3432119473,
    "20_13": 199309.03911828788,
    "20_14": 113097.68199313192,
    "20_15": 122850.51063098536,
    "20_16": 60005.79701251881,
    "20_17": 253633.0369430068,
    "20_18": 87069.287172339,
    "20_19": 127344.9496173473,
    "20_20": 0.0,
    "20_21": 145722.35225572187,
    "20_22": 254275.92100978387,
    "20_23": 172930.32383189935,
    "20_24": 201824.71181059742,
    "21_0": 24269.772323717283,
    "21_1": 39960.51770124023,
    "21_2": 98886.59848233982,
    "21_3": 166177.7785103438,
    "21_4": 24796.802493097297,
    "21_5": 128671.40403237351,
    "21_6": 127670.76117521375,
    "21_7": 144206.83153875958,
    "21_8": 30163.19310065857,
    "21_9": 109768.91468573188,
    "21_10": 81277.11779263511,
    "21_11": 90988.87690894895,
    "21_12": 12436.944655397752,
    "21_13": 84122.9636394587,
    "21_14": 107614.99168355876,
    "21_15": 79311.96768614903,
    "21_16": 95317.75485977372,
    "21_17": 153516.02279026737,
    "21_18": 127855.79939351504,
    "21_19": 30355.859077234763,
    "21_20": 145722.35225572187,
    "21_21": 0.0,
    "21_22": 122670.81164968078,
    "21_23": 59944.483457053306,
    "21_24": 93633.76733566303,
    "22_0": 146860.40409319487,
    "22_1": 118287.09885479188,
    "22_2": 221235.49786064416,
    "22_3": 111964.49244664023,
    "22_4": 136725.9503290738,
    "22_5": 189837.5609860783,
    "22_6": 8667.301181481484,
    "22_7": 238494.9639877795,
    "22_8": 149050.1710908874,
    "22_9": 106968.57391974112,
    "22_10": 92407.16097234166,
    "22_11": 194840.3333897283,
    "22_12": 122420.90340555736,
    "22_13": 160044.37872942802,
    "22_14": 166264.2653550462,
    "22_15": 140229.3605236271,
    "22_16": 195170.1884037645,
    "22_17": 70368.79905182721,
    "22_18": 200295.98428804122,
    "22_19": 152630.14352126507,
    "22_20": 254275.92100978387,
    "22_21": 122670.81164968078,
    "22_22": 0.0,
    "22_23": 81780.67166031463,
    "22_24": 171747.432751616,
    "23_0": 81783.59501536687,
    "23_1": 38072.980973588914,
    "23_2": 149008.36161068678,
    "23_3": 106876.73686734764,
    "23_4": 62532.96418128759,
    "23_5": 114073.4740227619,
    "23_6": 89312.524423286,
    "23_7": 156989.11626494606,
    "23_8": 76578.06795738953,
    "23_9": 56448.8301858637,
    "23_10": 96263.05262584981,
    "23_11": 149946.14433151318,
    "23_12": 52875.16630257928,
    "23_13": 133592.11525176934,
    "23_14": 89814.0747821973,
    "23_15": 60825.99936919182,
    "23_16": 113494.07675948598,
    "23_17": 94770.6973406471,
    "23_18": 121767.37652980034,
    "23_19": 88349.2358944976,
    "23_20": 172930.32383189935,
    "23_21": 59944.483457053306,
    "23_22": 81780.67166031463,
    "23_23": 0.0,
    "23_24": 144754.56700561097,
    "24_0": 88573.75377048062,
    "24_1": 133586.14526835954,
    "24_2": 126232.93339348726,
    "24_3": 249771.49787924025,
    "24_4": 112743.72514268702,
    "24_5": 218179.89847410086,
    "24_6": 172223.6647198775,
    "24_7": 215940.28978151106,
    "24_8": 106849.99213795573,
    "24_9": 199946.33844610167,
    "24_10": 82098.05330090386,
    "24_11": 42623.914767310176,
    "24_12": 105894.95499458764,
    "24_13": 11869.714172898312,
    "24_14": 199170.64745991759,
    "24_15": 172370.1736601297,
    "24_16": 170571.26424698366,
    "24_17": 226235.5025677052,
    "24_18": 213896.69660168618,
    "24_19": 85533.52863438646,
    "24_20": 201824.71181059742,
    "24_21": 93633.76733566303,
    "24_22": 171747.432751616,
    "24_23": 144754.56700561097,
    "24_24": 0.0
}