{
    "0_0": 0.0,
    "0_1": 155465.54422358982,
    "0_2": 178817.16045814502,
    "0_3": 64643.096654877394,
    "0_4": 131016.62285325071,
    "0_5": 161873.68001929516,
    "0_6": 162319.68425110768,
    "0_7": 10162.68659084791,
    "0_8": 90752.14215158811,
    "0_9": 138104.72868140557,
    "0_10": 120459.03197017033,
    "0_11": 218840.43436751646,
    "0_12": 183601.67395081432,
    "0_13": 215591.17743458156,
    "0_14": 70891.48155337283,
    "0_15": 52500.07334361249,
    "0_16": 165214.43255924038,
    "0_17": 152440.08485115817,
    "0_18": 27435.26992266678,
    "0_19": 55053.90657716018,
    "0_20": 146245.39512372125,
    "0_21": 143649.6711785399,
    "0_22": 99342.08578838894,
    "0_23": 118150.40932406734,
    "0_24": 71596.32802907263,
    "1_0": 155465.54422358982,
    "1_1": 0.0,
    "1_2": 120088.89031737568,
    "1_3": 218677.41419991598,
    "1_4": 92203.2902840687,
    "1_5": 120529.29677197164,
    "1_6": 112743.44470040852,
    "1_7": 157770.17944763985,
    "1_8": 159783.1257601656,
    "1_9": 131352.5991494059,
    "1_10": 157688.98409183422,
    "1_11": 225162.77302035593,
    "1_12": 169911.99616049902,
    "1_13": 95377.54452075045,
    "1_14": 222213.96731181,
    "1_15": 207798.14582448313,
    "1_16": 113950.71184832872,
    "1_17": 13762.148237896768,
    "1_18": 128030.72797546949,
    "1_19": 112853.05041164126,
    "1_20": 177511.67942928968,
    "1_21": 122350.9777856469,
    "1_22": 76113.389881959,
    "1_23": 119008.57489179778,
    "1_24": 122975.32300255775,
    "2_0": 178817.16045814502,
    "2_1": 120088.89031737568,
    "2_2": 0.0,
    "2_3": 221746.15854576742,
    "2_4": 197820.25445096154,
    "2_5": 19446.950381900057,
    "2_6": 16501.149681640672,
    "2_7": 173945.55764477383,
    "2_8": 116069.35627694038,
    "2_9": 51273.60260804822,
    "2_10": 89977.02958346704,
    "2_11": 110968.83313145363,
    "2_12": 57161.954212636156,
    "2_13": 71712.74714994461,
    "2_14": 218376.48816072434,
    "2_15": 223398.00447335182,
    "2_16": 13607.23262774283,
    "2_17": 132652.95044867482,
    "2_18": 159158.60549640722,
    "2_19": 124748.25283665101,
    "2_20": 91434.5387641228,
    "2_21": 228315.96753828813,
    "2_22": 164223.9109923495,
    "2_23": 215442.78375381834,
    "2_24": 194729.25163908146,
    "3_0": 64643.096654877394,
    "3_1": 218677.41419991598,
    "3_2": 221746.15854576742,
    "3_3": 0.0,
    "3_4": 192500.83061863456,
    "3_5": 202921.2019277264,
    "3_6": 205686.79111898364,
    "3_7": 60936.53351072219,
    "3_8": 111182.90830085948,
    "3_9": 173767.28690024654,
    "3_10": 143747.50646255052,
    "3_11": 232405.876202465,
    "3_12": 210957.2998680782,
    "3_13": 269655.82940498594,
    "3_14": 12666.973330360339,
    "3_15": 23300.098334591607,
    "3_16": 208483.5604017688,
    "3_17": 216477.71186037737,
    "3_18": 91449.2376800444,
    "3_19": 109964.34776555793,
    "3_20": 163598.99977174719,
    "3_21": 200648.20967634392,
    "3_22": 163445.4129003451,
    "3_23": 175109.56165876306,
    "3_24": 129553.32710322716,
    "4_0": 131016.62285325071,
    "4_1": 92203.2902840687,
    "4_2": 197820.25445096154,
    "4_3": 192500.83061863456,
    "4_4": 0.0,
    "4_5": 191433.26058074436,
    "4_6": 185777.35187003246,
    "4_7": 138688.95426634134,
    "4_8": 185428.90017489434,
    "4_9": 188780.6262764537,
    "4_10": 199147.24576658197,
    "4_11": 287704.85914905823,
    "4_12": 236004.84260653643,
    "4_13": 187299.00955630984,
    "4_14": 200797.5145426164,
    "4_15": 173812.29884628093,
    "4_16": 187884.46046467876,
    "4_17": 79190.95873154333,
    "4_18": 110209.63058220923,
    "4_19": 122220.99465798918,
    "4_20": 224914.05583790856,
    "4_21": 30892.257119106038,
    "4_22": 40153.59331730454,
    "4_23": 30937.69942494208,
    "4_24": 64039.491209313914,
    "5_0": 161873.68001929516,
    "5_1": 120529.29677197164,
    "5_2": 19446.950381900057,
    "5_3": 202921.2019277264,
    "5_4": 191433.26058074436,
    "5_5": 0.0,
    "5_6": 8774.016060550315,
    "5_7": 156525.1712392942,
    "5_8": 96630.63537563493,
    "5_9": 31914.168164963932,
    "5_10": 70875.23898783197,
    "5_11": 105034.6115968944,
    "5_12": 49631.717184317786,
    "5_13": 87369.30352587393,
    "5_14": 199300.79794486286,
    "5_15": 205215.46919143325,
    "5_16": 9451.655010989007,
    "5_17": 132081.27625102634,
    "5_18": 143518.79639588625,
    "5_19": 108705.44690321454,
    "5_20": 74586.39449040427,
    "5_21": 221382.07164773,
    "5_22": 155774.0422866263,
    "5_23": 206740.96931053876,
    "5_24": 182667.82251952047,
    "6_0": 162319.68425110768,
    "6_1": 112743.44470040852,
    "6_2": 16501.149681640672,
    "6_3": 205686.79111898364,
    "6_4": 185777.35187003246,
    "6_5": 8774.016060550315,
    "6_6": 0.0,
    "6_7": 157452.8712985585,
    "6_8": 101375.90955305815,
    "6_9": 38081.82617276388,
    "6_10": 77289.11499334475,
    "6_11": 113337.23308525152,
    "6_12": 57969.64315762193,
    "6_13": 79517.15289742411,
    "6_14": 202562.9358521683,
    "6_15": 207022.2638590174,
    "6_16": 2894.748516178195,
    "6_17": 124549.83975879561,
    "6_18": 142821.4238431914,
    "6_19": 108323.24545077547,
    "6_20": 82673.77845016426,
    "6_21": 215963.21239670878,
    "6_22": 150909.9783751046,
    "6_23": 202043.91827892323,
    "6_24": 179620.7177310974,
    "7_0": 10162.68659084791,
    "7_1": 157770.17944763985,
    "7_2": 173945.55764477383,
    "7_3": 60936.53351072219,
    "7_4": 138688.95426634134,
    "7_5": 156525.1712392942,
    "7_6": 157452.8712985585,
    "7_7": 0.0,
    "7_8": 81687.45704040714,
    "7_9": 131595.87580577543,
    "7_10": 112065.68100224968,
    "7_11": 210062.83596035442,
    "7_12": 176159.6717619983,
    "7_13": 213702.11704547482,
    "7_14": 65594.9845844688,
    "7_15": 52422.07711581898,
    "7_16": 160343.25401647438,
    "7_17": 155596.45608576701,
    "7_18": 31020.746883756667,
    "7_19": 52273.32161938696,
    "7_20": 137471.28143431077,
    "7_21": 152483.12447331197,
    "7_22": 105522.81711995277,
    "7_23": 127099.71335342021,
    "7_24": 80691.88019095606,
    "8_0": 90752.14215158811,
    "8_1": 159783.1257601656,
    "8_2": 116069.35627694038,
    "8_3": 111182.90830085948,
    "8_4": 185428.90017489434,
    "8_5": 96630.63537563493,
    "8_6": 101375.90955305815,
    "8_7": 81687.45704040714,
    "8_8": 0.0,
    "8_9": 65265.44335383969,
    "8_10": 32735.88363318253,
    "8_11": 128503.24059129941,
    "8_12": 99916.79379953073,
    "8_13": 175870.12877085563,
    "8_14": 105436.09676417413,
    "8_15": 118981.52569511089,
    "8_16": 103883.79776351483,
    "8_17": 164610.24313063428,
    "8_18": 88035.46258680901,
    "8_19": 63458.93951329803,
    "8_20": 56042.207701484236,
    "8_21": 208438.37907180504,
    "8_22": 145485.8385308773,
    "8_23": 185876.854693756,
    "8_24": 145139.94371772077,
    "9_0": 138104.72868140557,
    "9_1": 131352.5991494059,
    "9_2": 51273.60260804822,
    "9_3": 173767.28690024654,
    "9_4": 188780.6262764537,
    "9_5": 31914.168164963932,
    "9_6": 38081.82617276388,
    "9_7": 131595.87580577543,
    "9_8": 65265.44335383969,
    "9_9": 0.0,
    "9_10": 39208.55813650943,
    "9_11": 98961.8878007777,
    "9_12": 49160.380086083955,
    "9_13": 116982.07906672801,
    "9_14": 169368.48247032022,
    "9_15": 177857.13760040578,
    "9_16": 40177.89171109769,
    "9_17": 140872.0632613315,
    "9_18": 123320.22112577457,
    "9_19": 88620.74698654523,
    "9_20": 48219.02577103463,
    "9_21": 217193.85567778768,
    "9_22": 150324.3528855156,
    "9_23": 199590.97882524724,
    "9_24": 169467.1941156059,
    "10_0": 120459.03197017033,
    "10_1": 157688.98409183422,
    "10_2": 89977.02958346704,
    "10_3": 143747.50646255052,
    "10_4": 199147.24576658197,
    "10_5": 70875.23898783197,
    "10_6": 77289.11499334475,
    "10_7": 112065.68100224968,
    "10_8": 32735.88363318253,
    "10_9": 39208.55813650943,
    "10_10": 0.0,
    "10_11": 98837.06170053997,
    "10_12": 67225.58066823665,
    "10_13": 155816.45526719146,
    "10_14": 137564.60616652627,
    "10_15": 151645.66341114297,
    "10_16": 79370.90447836983,
    "10_17": 165011.4545527561,
    "10_18": 113107.23049763034,
    "10_19": 82551.98634190326,
    "10_20": 27136.43389686798,
    "10_21": 224852.1421081504,
    "10_22": 159096.98480819128,
    "10_23": 204140.40993952387,
    "10_24": 167182.7027140957,
    "11_0": 218840.43436751646,
    "11_1": 225162.77302035593,
    "11_2": 110968.83313145363,
    "11_3": 232405.876202465,
    "11_4": 287704.85914905823,
    "11_5": 105034.6115968944,
    "11_6": 113337.23308525152,
    "11_7": 210062.83596035442,
    "11_8": 128503.24059129941,
    "11_9": 98961.8878007777,
    "11_10": 98837.06170053997,
    "11_11": 0.0,
    "11_12": 55402.907455473476,
    "11_13": 178005.98658164564,
    "11_14": 223600.55651961121,
    "11_15": 244629.30800973918,
    "11_16": 112689.09751040046,
    "11_17": 236180.59021414322,
    "11_18": 211694.41222794235,
    "11_19": 179709.2672005356,
    "11_20": 72601.23436134284,
    "11_21": 315855.79723883845,
    "11_22": 248971.97325873957,
    "11_23": 297439.6624339175,
    "11_24": 264002.6183270274,
    "12_0": 183601.67395081432,
    "12_1": 169911.99616049902,
    "12_2": 57161.954212636156,
    "12_3": 210957.2998680782,
    "12_4": 236004.84260653643,
    "12_5": 49631.717184317786,
    "12_6": 57969.64315762193,
    "12_7": 176159.6717619983,
    "12_8": 99916.79379953073,
    "12_9": 49160.380086083955,
    "12_10": 67225.58066823665,
    "12_11": 55402.907455473476,
    "12_12": 0.0,
    "12_13": 127459.83181251046,
    "12_14": 204541.8335512569,
    "12_15": 218522.77470063386,
    "12_16": 57424.94923715835,
    "12_17": 181139.8997968574,
    "12_18": 171165.95633299754,
    "12_19": 136926.90340581164,
    "12_20": 51749.55131635382,
    "12_21": 265045.94253655087,
    "12_22": 198355.6235783019,
    "12_23": 248206.68536854666,
    "12_24": 218613.38860921393,
    "13_0": 215591.17743458156,
    "13_1": 95377.54452075045,
    "13_2": 71712.74714994461,
    "13_3": 269655.82940498594,
    "13_4": 187299.00955630984,
    "13_5": 87369.30352587393,
    "13_6": 79517.15289742411,
    "13_7": 213702.11704547482,
    "13_8": 175870.12877085563,
    "13_9": 116982.07906672801,
    "13_10": 155816.45526719146,
    "13_11": 178005.98658164564,
    "13_12": 127459.83181251046,
    "13_13": 0.0,
    "13_14": 268962.2612333183,
    "13_15": 266008.07251350826,
    "13_16": 78006.06187750355,
    "13_17": 108907.45110633755,
    "13_18": 190645.53986296174,
    "13_19": 161444.1553682705,
    "13_20": 161948.34959094046,
    "13_21": 217671.37608559045,
    "13_22": 165074.33362014784,
    "13_23": 212636.57122568635,
    "13_24": 207335.0104821047,
    "14_0": 70891.48155337283,
    "14_1": 222213.96731181,
    "14_2": 218376.48816072434,
    "14_3": 12666.973330360339,
    "14_4": 200797.5145426164,
    "14_5": 199300.79794486286,
    "14_6": 202562.9358521683,
    "14_7": 65594.9845844688,
    "14_8": 105436.09676417413,
    "14_9": 169368.48247032022,
    "14_10": 137564.60616652627,
    "14_11": 223600.55651961121,
    "14_12": 204541.8335512569,
    "14_13": 268962.2612333183,
    "14_14": 0.0,
    "14_15": 35649.98361690001,
    "14_16": 205310.15481199388,
    "14_17": 220762.8614124212,
    "14_18": 96602.16415113027,
    "14_19": 111438.92707665957,
    "14_20": 156054.03164828362,
    "14_21": 210261.36089894985,
    "14_22": 170233.36356447331,
    "14_23": 184647.09438138842,
    "14_24": 138619.870184367,
    "15_0": 52500.07334361249,
    "15_1": 207798.14582448313,
    "15_2": 223398.00447335182,
    "15_3": 23300.098334591607,
    "15_4": 173812.29884628093,
    "15_5": 205215.46919143325,
    "15_6": 207022.2638590174,
    "15_7": 52422.07711581898,
    "15_8": 118981.52569511089,
    "15_9": 177857.13760040578,
    "15_10": 151645.66341114297,
    "15_11": 244629.30800973918,
    "15_12": 218522.77470063386,
    "15_13": 266008.07251350826,
    "15_14": 35649.98361690001,
    "15_15": 0.0,
    "15_16": 209884.97775571214,
    "15_17": 204310.8379191725,
    "15_18": 79866.88697079773,
    "15_19": 104576.42494955866,
    "15_20": 173824.0526432793,
    "15_21": 179966.72942118798,
    "15_22": 147421.6516377836,
    "15_23": 154618.8235929564,
    "15_24": 110059.24449170525,
    "16_0": 165214.43255924038,
    "16_1": 113950.71184832872,
    "16_2": 13607.23262774283,
    "16_3": 208483.5604017688,
    "16_4": 187884.46046467876,
    "16_5": 9451.655010989007,
    "16_6": 2894.748516178195,
    "16_7": 160343.25401647438,
    "16_8": 103883.79776351483,
    "16_9": 40177.89171109769,
    "16_10": 79370.90447836983,
    "16_11": 112689.09751040046,
    "16_12": 57424.94923715835,
    "16_13": 78006.06187750355,
    "16_14": 205310.15481199388,
    "16_15": 209884.97775571214,
    "16_16": 0.0,
    "16_17": 125908.3061717772,
    "16_18": 145693.23793146398,
    "16_19": 111208.66064136194,
    "16_20": 83987.16449678273,
    "16_21": 218132.5434014615,
    "16_22": 153238.43584797185,
    "16_23": 204398.60161259596,
    "16_24": 182279.06950770973,
    "17_0": 152440.08485115817,
    "17_1": 13762.148237896768,
    "17_2": 132652.95044867482,
    "17_3": 216477.71186037737,
    "17_4": 79190.95873154333,
    "17_5": 132081.27625102634,
    "17_6": 124549.83975879561,
    "17_7": 155596.45608576701,
    "17_8": 164610.24313063428,
    "17_9": 140872.0632613315,
    "17_10": 165011.4545527561,
    "17_11": 236180.59021414322,
    "17_12": 181139.8997968574,
    "17_13": 108907.45110633755,
    "17_14": 220762.8614124212,
    "17_15": 204310.8379191725,
    "17_16": 125908.3061717772,
    "17_17": 0.0,
    "17_18": 125147.62626976636,
    "17_19": 113673.78260343385,
    "17_20": 186008.9026277082,
    "17_21": 109043.12493601695,
    "17_22": 66697.63061672005,
    "17_23": 106811.16374644403,
    "17_24": 114251.5771103961,
    "18_0": 27435.26992266678,
    "18_1": 128030.72797546949,
    "18_2": 159158.60549640722,
    "18_3": 91449.2376800444,
    "18_4": 110209.63058220923,
    "18_5": 143518.79639588625,
    "18_6": 142821.4238431914,
    "18_7": 31020.746883756667,
    "18_8": 88035.46258680901,
    "18_9": 123320.22112577457,
    "18_10": 113107.23049763034,
    "18_11": 211694.41222794235,
    "18_12": 171165.95633299754,
    "18_13": 190645.53986296174,
    "18_14": 96602.16415113027,
    "18_15": 79866.88697079773,
    "18_16": 145693.23793146398,
    "18_17": 125147.62626976636,
    "18_18": 0.0,
    "18_19": 34966.09776535933,
    "18_20": 140077.62359975796,
    "18_21": 127096.70530130624,
    "18_22": 75157.56008726814,
    "18_23": 102511.41273104721,
    "18_24": 58253.77977959751,
    "19_0": 55053.90657716018,
    "19_1": 112853.05041164126,
    "19_2": 124748.25283665101,
    "19_3": 109964.34776555793,
    "19_4": 122220.99465798918,
    "19_5": 108705.44690321454,
    "19_6": 108323.24545077547,
    "19_7": 52273.32161938696,
    "19_8": 63458.93951329803,
    "19_9": 88620.74698654523,
    "19_10": 82551.98634190326,
    "19_11": 179709.2672005356,
    "19_12": 136926.90340581164,
    "19_13": 161444.1553682705,
    "19_14": 111438.92707665957,
    "19_15": 104576.42494955866,
    "19_16": 111208.66064136194,
    "19_17": 113673.78260343385,
    "19_18": 34966.09776535933,
    "19_19": 0.0,
    "19_20": 109659.80709176899,
    "19_21": 145028.21963467507,
    "19_22": 82556.40181964597,
    "19_23": 122848.22603710434,
    "19_24": 84658.46815707847,
    "20_0": 146245.39512372125,
    "20_1": 177511.67942928968,
    "20_2": 91434.5387641228,
    "20_3": 163598.99977174719,
    "20_4": 224914.05583790856,
    "20_5": 74586.39449040427,
    "20_6": 82673.77845016426,
    "20_7": 137471.28143431077,
    "20_8": 56042.207701484236,
    "20_9": 48219.02577103463,
    "20_10": 27136.43389686798,
    "20_11": 72601.23436134284,
    "20_12": 51749.55131635382,
    "20_13": 161948.34959094046,
    "20_14": 156054.03164828362,
    "20_15": 173824.0526432793,
    "20_16": 83987.16449678273,
    "20_17": 186008.9026277082,
    "20_18": 140077.62359975796,
    "20_19": 109659.80709176899,
    "20_20": 0.0,
    "20_21": 251180.9166885662,
    "20_22": 185026.1396681593,
    "20_23": 230853.43632808473,
    "20_24": 194305.25390536236,
    "21_0": 143649.6711785399,
    "21_1": 122350.9777856469,
    "21_2": 228315.96753828813,
    "21_3": 200648.20967634392,
    "21_4": 30892.257119106038,
    "21_5": 221382.07164773,
    "21_6": 215963.21239670878,
    "21_7": 152483.12447331197,
    "21_8": 208438.37907180504,
    "21_9": 217193.85567778768,
    "21_10": 224852.1421081504,
    "21_11": 315855.79723883845,
    "21_12": 265045.94253655087,
    "21_13": 217671.37608559045,
    "21_14": 210261.36089894985,
    "21_15": 179966.72942118798,
    "21_16": 218132.5434014615,
    "21_17": 109043.12493601695,
    "21_18": 127096.70530130624,
    "21_19": 145028.21963467507,
    "21_20": 251180.9166885662,
    "21_21": 0.0,
    "21_22": 66887.94778490739,
    "21_23": 25642.36916806464,
    "21_24": 72175.20031727004,
    "22_0": 99342.08578838894,
    "22_1": 76113.389881959,
    "22_2": 164223.9109923495,
    "22_3": 163445.4129003451,
    "22_4": 40153.59331730454,
    "22_5": 155774.0422866263,
    "22_6": 150909.9783751046,
    "22_7": 105522.81711995277,
    "22_8": 145485.8385308773,
    "22_9": 150324.3528855156,
    "22_10": 159096.98480819128,
    "22_11": 248971.97325873957,
    "22_12": 198355.6235783019,
    "22_13": 165074.33362014784,
    "22_14": 170233.36356447331,
    "22_15": 147421.6516377836,
    "22_16": 153238.43584797185,
    "22_17": 66697.63061672005,
    "22_18": 75157.56008726814,
    "22_19": 82556.40181964597,
    "22_20": 185026.1396681593,
    "22_21": 66887.94778490739,
    "22_22": 0.0,
    "22_23": 51219.34261888629,
    "22_24": 47680.79087298237,
    "23_0": 118150.40932406734,
    "23_1": 119008.57489179778,
    "23_2": 215442.78375381834,
    "23_3": 175109.56165876306,
    "23_4": 30937.69942494208,
    "23_5": 206740.96931053876,
    "23_6": 202043.91827892323,
    "23_7": 127099.71335342021,
    "23_8": 185876.854693756,
    "23_9": 199590.97882524724,
    "23_10": 204140.40993952387,
    "23_11": 297439.6624339175,
    "23_12": 248206.68536854666,
    "23_13": 212636.57122568635,
    "23_14": 184647.09438138842,
    "23_15": 154618.8235929564,
    "23_16": 204398.60161259596,
    "23_17": 106811.16374644403,
    "23_18": 102511.41273104721,
    "23_19": 122848.22603710434,
    "23_20": 230853.43632808473,
    "23_21": 25642.36916806464,
    "23_22": 51219.34261888629,
    "23_23": 0.0,
    "23_24": 46592.52546514978,
    "24_0": 71596.32802907263,
    "24_1": 122975.32300255775,
    "24_2": 194729.25163908146,
    "24_3": 129553.32710322716,
    "24_4": 64039.491209313914,
    "24_5": 182667.82251952047,
    "24_6": 179620.7177310974,
    "24_7": 80691.88019095606,
    "24_8": 145139.94371772077,
    "24_9": 169467.1941156059,
    "24_10": 167182.7027140957,
    "24_11": 264002.6183270274,
    "24_12": 218613.38860921393,
    "24_13": 207335.0104821047,
    "24_14": 138619.870184367,
    "24_15": 110059.24449170525,
    "24_16": 182279.06950770973,
    "24_17": 114251.5771103961,
    "24_18": 58253.77977959751,
    "24_19": 84658.46815707847,
    "24_20": 194305.25390536236,
    "24_21": 72175.20031727004,
    "24_22": 47680.79087298237,
    "24_23": 46592.52546514978,
    "24_24": 0.0
}