{
    "0_0": 0.0,
    "0_1": 75778.27805850413,
    "0_2": 254322.27467184665,
    "0_3": 245255.70882336455,
    "0_4": 70386.2594716831,
    "0_5": 227871.11039453998,
    "0_6": 211246.80849275758,
    "0_7": 265987.9423509232,
    "0_8": 201656.54377597885,
    "0_9": 232276.06663078285,
    "0_10": 165391.45753553096,
    "0_11": 226560.89589096094,
    "0_12": 184201.33537101137,
    "0_13": 220458.2086105458,
    "0_14": 220084.6007499216,
    "0_15": 136384.24709042718,
    "0_16": 192589.45142118295,
    "0_17": 15647.8678068903,
    "0_18": 227004.75088429358,
    "0_19": 279412.9086706339,
    "0_20": 235603.13718081973,
    "0_21": 116979.18483303912,
    "0_22": 147144.0488474567,
    "0_23": 236619.3888643249,
    "0_24": 213517.48620588132,
    "1_0": 75778.27805850413,
    "1_1": 0.0,
    "1_2": 187953.61420991126,
    "1_3": 180280.41156835225,
    "1_4": 6951.857513445409,
    "1_5": 156513.21757386252,
    "1_6": 138128.2018773738,
    "1_7": 194020.3227900593,
    "1_8": 151198.13479297614,
    "1_9": 169750.0646221026,
    "1_10": 100007.72060030958,
    "1_11": 155588.008234234,
    "1_12": 115455.5625971657,
    "1_13": 151525.91026419488,
    "1_14": 145561.08300652824,
    "1_15": 82911.36524238173,
    "1_16": 128421.09614213876,
    "1_17": 75368.13536256517,
    "1_18": 171952.74375334516,
    "1_19": 203925.16308037034,
    "1_20": 189273.53906612392,
    "1_21": 42403.66708970516,
    "1_22": 90254.49783568739,
    "1_23": 177101.14682590877,
    "1_24": 144015.47944080117,
    "2_0": 254322.27467184665,
    "2_1": 187953.61420991126,
    "2_2": 0.0,
    "2_3": 11536.986402588775,
    "2_4": 190277.61061157958,
    "2_5": 169038.31239433528,
    "2_6": 65384.71159127816,
    "2_7": 177915.09745500222,
    "2_8": 79715.11716104303,
    "2_9": 218455.91606355595,
    "2_10": 187023.91832565234,
    "2_11": 42171.32909352164,
    "2_12": 175886.36268126222,
    "2_13": 38351.973967319034,
    "2_14": 138260.00941213642,
    "2_15": 120692.06592216734,
    "2_16": 196781.65835871955,
    "2_17": 246422.30797388824,
    "2_18": 244639.1913513924,
    "2_19": 96520.03445138459,
    "2_20": 87761.3885035037,
    "2_21": 164652.42833735782,
    "2_22": 207701.3377991875,
    "2_23": 37459.161791395585,
    "2_24": 177274.21545832948,
    "3_0": 245255.70882336455,
    "3_1": 180280.41156835225,
    "3_2": 11536.986402588775,
    "3_3": 0.0,
    "3_4": 182302.08502203782,
    "3_5": 171155.58010579785,
    "3_6": 64466.31398702766,
    "3_7": 182361.65624638204,
    "3_8": 68212.80148996797,
    "3_9": 219891.71555034933,
    "3_10": 184953.56885115744,
    "3_11": 42250.61878579278,
    "3_12": 175015.9690088374,
    "3_13": 34729.29672121811,
    "3_14": 140174.7596842462,
    "3_15": 110686.03484356598,
    "3_16": 196293.60101165943,
    "3_17": 236980.35671084892,
    "3_18": 245206.45731964012,
    "3_19": 104612.44329894798,
    "3_20": 78029.6504081383,
    "3_21": 158936.49809013584,
    "3_22": 204574.7273002727,
    "3_23": 26969.172590020848,
    "3_24": 178313.85807524552,
    "4_0": 70386.2594716831,
    "4_1": 6951.857513445409,
    "4_2": 190277.61061157958,
    "4_3": 182302.08502203782,
    "4_4": 0.0,
    "4_5": 163279.75828899923,
    "4_6": 142096.61682834942,
    "4_7": 200712.9281903431,
    "4_8": 150668.10708241566,
    "4_9": 176688.5664255542,
    "4_10": 106953.12440760485,
    "4_11": 158928.417992287,
    "4_12": 122376.52359308393,
    "4_13": 154331.84183740092,
    "4_14": 151910.37306538646,
    "4_15": 82110.21208668806,
    "4_16": 135365.1122348046,
    "4_17": 69162.1599736846,
    "4_18": 178704.4040883801,
    "4_19": 209036.82521279532,
    "4_20": 188387.31517555413,
    "4_21": 48979.97890016384,
    "4_22": 96890.88211220743,
    "4_23": 178112.84352877527,
    "4_24": 150893.77030206082,
    "5_0": 227871.11039453998,
    "5_1": 156513.21757386252,
    "5_2": 169038.31239433528,
    "5_3": 171155.58010579785,
    "5_4": 163279.75828899923,
    "5_5": 0.0,
    "5_6": 108905.9826581971,
    "5_7": 38224.78501810078,
    "5_8": 202198.84832215525,
    "5_9": 50436.80666591843,
    "5_10": 66489.61397967736,
    "5_11": 129058.04063089914,
    "5_12": 45122.4983504562,
    "5_13": 139544.76536517468,
    "5_14": 31022.158996850318,
    "5_15": 171223.1761097424,
    "5_16": 49125.0402051749,
    "5_17": 230763.26132476804,
    "5_18": 79784.98058779252,
    "5_19": 103328.07464176943,
    "5_20": 234462.74486409567,
    "5_21": 114522.63835430269,
    "5_22": 92513.26815264007,
    "5_23": 190186.07694510615,
    "5_24": 18116.36382719366,
    "6_0": 211246.80849275758,
    "6_1": 138128.2018773738,
    "6_2": 65384.71159127816,
    "6_3": 64466.31398702766,
    "6_4": 142096.61682834942,
    "6_5": 108905.9826581971,
    "6_6": 0.0,
    "6_7": 126103.11990487241,
    "6_8": 98117.0723944979,
    "6_9": 156334.8149282576,
    "6_10": 121731.25015190941,
    "6_11": 23298.004235919845,
    "6_12": 110687.48902060522,
    "6_13": 30857.222855205666,
    "6_14": 78009.31890433695,
    "6_15": 95421.97420141223,
    "6_16": 131851.10639099468,
    "6_17": 206505.17674163255,
    "6_18": 180915.73229530267,
    "6_19": 76040.5182137684,
    "6_20": 126679.72168101964,
    "6_21": 106761.28691373803,
    "6_22": 143159.63447907637,
    "6_23": 81316.33951451418,
    "6_24": 114491.94141482032,
    "7_0": 265987.9423509232,
    "7_1": 194020.3227900593,
    "7_2": 177915.09745500222,
    "7_3": 182361.65624638204,
    "7_4": 200712.9281903431,
    "7_5": 38224.78501810078,
    "7_6": 126103.11990487241,
    "7_7": 0.0,
    "7_8": 223672.963929395,
    "7_9": 66364.29638161474,
    "7_10": 104159.66741240866,
    "7_11": 142253.63589506832,
    "7_12": 83123.91477301499,
    "7_13": 154716.44286405557,
    "7_14": 54634.57853399431,
    "7_15": 201540.42492394615,
    "7_16": 83381.20005618817,
    "7_17": 268627.84277795866,
    "7_18": 97176.38785815486,
    "7_19": 94583.34590572168,
    "7_20": 252489.08518447104,
    "7_21": 151777.5777427039,
    "7_22": 129367.47226220544,
    "7_23": 204705.18822051896,
    "7_24": 54496.08667174584,
    "8_0": 201656.54377597885,
    "8_1": 151198.13479297614,
    "8_2": 79715.11716104303,
    "8_3": 68212.80148996797,
    "8_4": 150668.10708241566,
    "8_5": 202198.84832215525,
    "8_6": 98117.0723944979,
    "8_7": 223672.963929395,
    "8_8": 0.0,
    "8_9": 244911.0129545422,
    "8_10": 192865.28082003156,
    "8_11": 87974.21140116596,
    "8_12": 190436.35113676015,
    "8_13": 73992.27950336055,
    "8_14": 172610.47488586835,
    "8_15": 68594.72569217352,
    "8_16": 212321.69855966157,
    "8_17": 190503.72260155194,
    "8_18": 264564.919676242,
    "8_19": 163671.0488159949,
    "8_20": 38889.78722419403,
    "8_21": 146305.03561934264,
    "8_22": 204840.0299238734,
    "8_23": 45075.971657139315,
    "8_24": 203551.10369921953,
    "9_0": 232276.06663078285,
    "9_1": 169750.0646221026,
    "9_2": 218455.91606355595,
    "9_3": 219891.71555034933,
    "9_4": 176688.5664255542,
    "9_5": 50436.80666591843,
    "9_6": 156334.8149282576,
    "9_7": 66364.29638161474,
    "9_8": 244911.0129545422,
    "9_9": 0.0,
    "9_10": 69784.83403050427,
    "9_11": 177642.36267018248,
    "9_12": 58743.569767650246,
    "9_13": 187191.9010385282,
    "9_14": 80334.17425946024,
    "9_15": 204563.42469151513,
    "9_16": 41384.25193190814,
    "9_17": 238396.79059868472,
    "9_18": 31144.245379576005,
    "9_19": 152117.36886203784,
    "9_20": 279270.42052118236,
    "9_21": 132147.0027566734,
    "9_22": 85295.73587536463,
    "9_23": 237424.20526802947,
    "9_24": 41954.901581360835,
    "10_0": 165391.45753553096,
    "10_1": 100007.72060030958,
    "10_2": 187023.91832565234,
    "10_3": 184953.56885115744,
    "10_4": 106953.12440760485,
    "10_5": 66489.61397967736,
    "10_6": 121731.25015190941,
    "10_7": 104159.66741240866,
    "10_8": 192865.28082003156,
    "10_9": 69784.83403050427,
    "10_10": 0.0,
    "10_11": 145029.1862867792,
    "10_12": 21679.5323642898,
    "10_13": 150229.21358257934,
    "10_14": 72662.4578876372,
    "10_15": 142127.00754875958,
    "10_16": 28417.370575214918,
    "10_17": 170226.66844039992,
    "10_18": 76596.12440099775,
    "10_19": 152286.93117854485,
    "10_20": 230215.51258038048,
    "10_21": 63158.562329536675,
    "10_22": 27292.757723255654,
    "10_23": 196116.55473492213,
    "10_24": 49749.56228652541,
    "11_0": 226560.89589096094,
    "11_1": 155588.008234234,
    "11_2": 42171.32909352164,
    "11_3": 42250.61878579278,
    "11_4": 158928.417992287,
    "11_5": 129058.04063089914,
    "11_6": 23298.004235919845,
    "11_7": 142253.63589506832,
    "11_8": 87974.21140116596,
    "11_9": 177642.36267018248,
    "11_10": 145029.1862867792,
    "11_11": 0.0,
    "11_12": 133728.46986658793,
    "11_13": 13981.93246322533,
    "11_14": 98046.2567412057,
    "11_15": 101845.0644715292,
    "11_16": 154702.58811583847,
    "11_17": 220590.00264401725,
    "11_18": 203085.0981939148,
    "11_19": 76288.12746091442,
    "11_20": 111199.89192967537,
    "11_21": 127285.69945158945,
    "11_22": 166299.99568401635,
    "11_23": 62455.883716456825,
    "11_24": 136075.89917507785,
    "12_0": 184201.33537101137,
    "12_1": 115455.5625971657,
    "12_2": 175886.36268126222,
    "12_3": 175015.9690088374,
    "12_4": 122376.52359308393,
    "12_5": 45122.4983504562,
    "12_6": 110687.48902060522,
    "12_7": 83123.91477301499,
    "12_8": 190436.35113676015,
    "12_9": 58743.569767650246,
    "12_10": 21679.5323642898,
    "12_11": 133728.46986658793,
    "12_12": 0.0,
    "12_13": 140610.17340034168,
    "12_14": 52355.69391339792,
    "12_15": 146133.9545033467,
    "12_16": 21978.844485935457,
    "12_17": 188052.39365952794,
    "12_18": 74144.71883150327,
    "12_19": 132999.74681084036,
    "12_20": 226480.14100005446,
    "12_21": 75249.1169280958,
    "12_22": 48671.617764060094,
    "12_23": 188733.1092611531,
    "12_24": 29335.176196145872,
    "13_0": 220458.2086105458,
    "13_1": 151525.91026419488,
    "13_2": 38351.973967319034,
    "13_3": 34729.29672121811,
    "13_4": 154331.84183740092,
    "13_5": 139544.76536517468,
    "13_6": 30857.222855205666,
    "13_7": 154716.44286405557,
    "13_8": 73992.27950336055,
    "13_9": 187191.9010385282,
    "13_10": 150229.21358257934,
    "13_11": 13981.93246322533,
    "13_12": 140610.17340034168,
    "13_13": 0.0,
    "13_14": 108565.49974561091,
    "13_15": 91856.72374984174,
    "13_16": 162050.46629298842,
    "13_17": 213684.46996589942,
    "13_18": 211612.0629037819,
    "13_19": 90098.67852156084,
    "13_20": 98008.76246894093,
    "13_21": 126471.42934285388,
    "13_22": 169987.180131362,
    "13_23": 50684.65204401001,
    "13_24": 145344.47443706376,
    "14_0": 220084.6007499216,
    "14_1": 145561.08300652824,
    "14_2": 138260.00941213642,
    "14_3": 140174.7596842462,
    "14_4": 151910.37306538646,
    "14_5": 31022.158996850318,
    "14_6": 78009.31890433695,
    "14_7": 54634.57853399431,
    "14_8": 172610.47488586835,
    "14_9": 80334.17425946024,
    "14_10": 72662.4578876372,
    "14_11": 98046.2567412057,
    "14_12": 52355.69391339792,
    "14_13": 108565.49974561091,
    "14_14": 0.0,
    "14_15": 146909.8589939286,
    "14_16": 66940.21583861143,
    "14_17": 220921.8730706947,
    "14_18": 107958.28842156485,
    "14_19": 80961.00360333401,
    "14_20": 204026.92673443593,
    "14_21": 103317.64968417761,
    "14_22": 99894.854897721,
    "14_23": 159228.94417983782,
    "14_24": 40434.04966644041,
    "15_0": 136384.24709042718,
    "15_1": 82911.36524238173,
    "15_2": 120692.06592216734,
    "15_3": 110686.03484356598,
    "15_4": 82110.21208668806,
    "15_5": 171223.1761097424,
    "15_6": 95421.97420141223,
    "15_7": 201540.42492394615,
    "15_8": 68594.72569217352,
    "15_9": 204563.42469151513,
    "15_10": 142127.00754875958,
    "15_11": 101845.0644715292,
    "15_12": 146133.9545033467,
    "15_13": 91856.72374984174,
    "15_14": 146909.8589939286,
    "15_15": 0.0,
    "15_16": 166501.2274921003,
    "15_17": 126950.04426337796,
    "15_18": 218206.2098510594,
    "15_19": 171453.52646684682,
    "15_20": 106371.41382872257,
    "15_21": 85354.21614730693,
    "15_22": 147684.424444865,
    "15_23": 100236.67284269513,
    "15_24": 166764.0765923337,
    "16_0": 192589.45142118295,
    "16_1": 128421.09614213876,
    "16_2": 196781.65835871955,
    "16_3": 196293.60101165943,
    "16_4": 135365.1122348046,
    "16_5": 49125.0402051749,
    "16_6": 131851.10639099468,
    "16_7": 83381.20005618817,
    "16_8": 212321.69855966157,
    "16_9": 41384.25193190814,
    "16_10": 28417.370575214918,
    "16_11": 154702.58811583847,
    "16_12": 21978.844485935457,
    "16_13": 162050.46629298842,
    "16_14": 66940.21583861143,
    "16_15": 166501.2274921003,
    "16_16": 0.0,
    "16_17": 198005.97923336035,
    "16_18": 52397.72657192669,
    "16_19": 147555.40640070132,
    "16_20": 248451.62289269193,
    "16_21": 90985.09588908697,
    "16_22": 47595.683152809965,
    "16_23": 210517.28946234228,
    "16_24": 31059.878468299292,
    "17_0": 15647.8678068903,
    "17_1": 75368.13536256517,
    "17_2": 246422.30797388824,
    "17_3": 236980.35671084892,
    "17_4": 69162.1599736846,
    "17_5": 230763.26132476804,
    "17_6": 206505.17674163255,
    "17_7": 268627.84277795866,
    "17_8": 190503.72260155194,
    "17_9": 238396.79059868472,
    "17_10": 170226.66844039992,
    "17_11": 220590.00264401725,
    "17_12": 188052.39365952794,
    "17_13": 213684.46996589942,
    "17_14": 220921.8730706947,
    "17_15": 126950.04426337796,
    "17_16": 198005.97923336035,
    "17_17": 0.0,
    "17_18": 234972.80100187063,
    "17_19": 276658.9883725685,
    "17_20": 223475.0453154965,
    "17_21": 117660.87327752313,
    "17_22": 153909.15373047415,
    "17_23": 226971.68892702117,
    "17_24": 217204.11555781125,
    "18_0": 227004.75088429358,
    "18_1": 171952.74375334516,
    "18_2": 244639.1913513924,
    "18_3": 245206.45731964012,
    "18_4": 178704.4040883801,
    "18_5": 79784.98058779252,
    "18_6": 180915.73229530267,
    "18_7": 97176.38785815486,
    "18_8": 264564.919676242,
    "18_9": 31144.245379576005,
    "18_10": 76596.12440099775,
    "18_11": 203085.0981939148,
    "18_12": 74144.71883150327,
    "18_13": 211612.0629037819,
    "18_14": 107958.28842156485,
    "18_15": 218206.2098510594,
    "18_16": 52397.72657192669,
    "18_17": 234972.80100187063,
    "18_18": 0.0,
    "18_19": 182622.01863604487,
    "18_20": 300373.2315608666,
    "18_21": 139066.92445649623,
    "18_22": 82140.48442629343,
    "18_23": 261044.34857849777,
    "18_24": 67698.30435632914,
    "19_0": 279412.9086706339,
    "19_1": 203925.16308037034,
    "19_2": 96520.03445138459,
    "19_3": 104612.44329894798,
    "19_4": 209036.82521279532,
    "19_5": 103328.07464176943,
    "19_6": 76040.5182137684,
    "19_7": 94583.34590572168,
    "19_8": 163671.0488159949,
    "19_9": 152117.36886203784,
    "19_10": 152286.93117854485,
    "19_11": 76288.12746091442,
    "19_12": 132999.74681084036,
    "19_13": 90098.67852156084,
    "19_14": 80961.00360333401,
    "19_15": 171453.52646684682,
    "19_16": 147555.40640070132,
    "19_17": 276658.9883725685,
    "19_18": 182622.01863604487,
    "19_19": 0.0,
    "19_20": 182154.45368336668,
    "19_21": 165700.95692691865,
    "19_22": 179034.09688239938,
    "19_23": 130954.55722807471,
    "19_24": 118681.44374940336,
    "20_0": 235603.13718081973,
    "20_1": 189273.53906612392,
    "20_2": 87761.3885035037,
    "20_3": 78029.6504081383,
    "20_4": 188387.31517555413,
    "20_5": 234462.74486409567,
    "20_6": 126679.72168101964,
    "20_7": 252489.08518447104,
    "20_8": 38889.78722419403,
    "20_9": 279270.42052118236,
    "20_10": 230215.51258038048,
    "20_11": 111199.89192967537,
    "20_12": 226480.14100005446,
    "20_13": 98008.76246894093,
    "20_14": 204026.92673443593,
    "20_15": 106371.41382872257,
    "20_16": 248451.62289269193,
    "20_17": 223475.0453154965,
    "20_18": 300373.2315608666,
    "20_19": 182154.45368336668,
    "20_20": 0.0,
    "20_21": 185149.31914210203,
    "20_22": 243167.25491108414,
    "20_23": 51243.62107602067,
    "20_24": 237489.149301631,
    "21_0": 116979.18483303912,
    "21_1": 42403.66708970516,
    "21_2": 164652.42833735782,
    "21_3": 158936.49809013584,
    "21_4": 48979.97890016384,
    "21_5": 114522.63835430269,
    "21_6": 106761.28691373803,
    "21_7": 151777.5777427039,
    "21_8": 146305.03561934264,
    "21_9": 132147.0027566734,
    "21_10": 63158.562329536675,
    "21_11": 127285.69945158945,
    "21_12": 75249.1169280958,
    "21_13": 126471.42934285388,
    "21_14": 103317.64968417761,
    "21_15": 85354.21614730693,
    "21_16": 90985.09588908697,
    "21_17": 117660.87327752313,
    "21_18": 139066.92445649623,
    "21_19": 165700.95692691865,
    "21_20": 185149.31914210203,
    "21_21": 0.0,
    "21_22": 62785.367285499844,
    "21_23": 161846.4262395476,
    "21_24": 102883.73952458224,
    "22_0": 147144.0488474567,
    "22_1": 90254.49783568739,
    "22_2": 207701.3377991875,
    "22_3": 204574.7273002727,
    "22_4": 96890.88211220743,
    "22_5": 92513.26815264007,
    "22_6": 143159.63447907637,
    "22_7": 129367.47226220544,
    "22_8": 204840.0299238734,
    "22_9": 85295.73587536463,
    "22_10": 27292.757723255654,
    "22_11": 166299.99568401635,
    "22_12": 48671.617764060094,
    "22_13": 169987.180131362,
    "22_14": 99894.854897721,
    "22_15": 147684.424444865,
    "22_16": 47595.683152809965,
    "22_17": 153909.15373047415,
    "22_18": 82140.48442629343,
    "22_19": 179034.09688239938,
    "22_20": 243167.25491108414,
    "22_21": 62785.367285499844,
    "22_22": 0.0,
    "22_23": 213201.23618720123,
    "22_24": 74995.41097504349,
    "23_0": 236619.3888643249,
    "23_1": 177101.14682590877,
    "23_2": 37459.161791395585,
    "23_3": 26969.172590020848,
    "23_4": 178112.84352877527,
    "23_5": 190186.07694510615,
    "23_6": 81316.33951451418,
    "23_7": 204705.18822051896,
    "23_8": 45075.971657139315,
    "23_9": 237424.20526802947,
    "23_10": 196116.55473492213,
    "23_11": 62455.883716456825,
    "23_12": 188733.1092611531,
    "23_13": 50684.65204401001,
    "23_14": 159228.94417983782,
    "23_15": 100236.67284269513,
    "23_16": 210517.28946234228,
    "23_17": 226971.68892702117,
    "23_18": 261044.34857849777,
    "23_19": 130954.55722807471,
    "23_20": 51243.62107602067,
    "23_21": 161846.4262395476,
    "23_22": 213201.23618720123,
    "23_23": 0.0,
    "23_24": 195493.8181604598,
    "24_0": 213517.48620588132,
    "24_1": 144015.47944080117,
    "24_2": 177274.21545832948,
    "24_3": 178313.85807524552,
    "24_4": 150893.77030206082,
    "24_5": 18116.36382719366,
    "24_6": 114491.94141482032,
    "24_7": 54496.08667174584,
    "24_8": 203551.10369921953,
    "24_9": 41954.901581360835,
    "24_10": 49749.56228652541,
    "24_11": 136075.89917507785,
    "24_12": 29335.176196145872,
    "24_13": 145344.47443706376,
    "24_14": 40434.04966644041,
    "24_15": 166764.0765923337,
    "24_16": 31059.878468299292,
    "24_17": 217204.11555781125,
    "24_18": 67698.30435632914,
    "24_19": 118681.44374940336,
    "24_20": 237489.149301631,
    "24_21": 102883.73952458224,
    "24_22": 74995.41097504349,
    "24_23": 195493.8181604598,
    "24_24": 0.0
}