{
    "0_0": 0.0,
    "0_1": 228626.944515666,
    "0_2": 189818.14616606393,
    "0_3": 175396.73171285735,
    "0_4": 229557.82066862212,
    "0_5": 256395.67354793582,
    "0_6": 194307.94776005414,
    "0_7": 220146.37466616376,
    "0_8": 172781.88998608338,
    "0_9": 289584.4654986483,
    "0_10": 94739.75880356252,
    "0_11": 165769.55344316323,
    "0_12": 233584.15128529212,
    "0_13": 226469.0807324125,
    "0_14": 126919.26823318793,
    "0_15": 18615.66673337681,
    "0_16": 202855.4837682484,
    "0_17": 89543.8764626206,
    "0_18": 173737.8565576605,
    "0_19": 283640.2579398745,
    "0_20": 110595.27906477594,
    "0_21": 125358.86446601797,
    "0_22": 170775.67762819992,
    "0_23": 218831.1907662894,
    "0_24": 182580.8594602308,
    "1_0": 228626.944515666,
    "1_1": 0.0,
    "1_2": 55956.17158884008,
    "1_3": 195356.34303685767,
    "1_4": 11036.54240057054,
    "1_5": 165638.96633746783,
    "1_6": 66012.90402746171,
    "1_7": 52581.729216775726,
    "1_8": 114104.46817985392,
    "1_9": 101678.56350760539,
    "1_10": 158815.70489699193,
    "1_11": 107897.16572768752,
    "1_12": 214895.02145574722,
    "1_13": 170217.32488807235,
    "1_14": 115827.3235784973,
    "1_15": 212599.2448235069,
    "1_16": 56319.314991429106,
    "1_17": 142774.20352980023,
    "1_18": 144389.43223797448,
    "1_19": 80747.86832206561,
    "1_20": 194978.6760366226,
    "1_21": 125196.02608543103,
    "1_22": 218854.3442678869,
    "1_23": 36447.95319689011,
    "1_24": 67025.19263477245,
    "2_0": 189818.14616606393,
    "2_1": 55956.17158884008,
    "2_2": 0.0,
    "2_3": 202159.06745453321,
    "2_4": 50038.75216316826,
    "2_5": 199705.94183168322,
    "2_6": 88084.05760391572,
    "2_7": 91524.20480879709,
    "2_8": 58834.10325729872,
    "2_9": 154982.288253511,
    "2_10": 108675.81866054988,
    "2_11": 115507.20614470444,
    "2_12": 235025.08898670782,
    "2_13": 195042.13305348277,
    "2_14": 101684.45265953263,
    "2_15": 176071.3035369946,
    "2_16": 84144.76648778009,
    "2_17": 100361.57324321612,
    "2_18": 155062.4751312741,
    "2_19": 135816.65354320346,
    "2_20": 183230.45683018083,
    "2_21": 113467.68430918455,
    "2_22": 221694.21432174504,
    "2_23": 76842.62174783066,
    "2_24": 80264.22988231145,
    "3_0": 175396.73171285735,
    "3_1": 195356.34303685767,
    "3_2": 202159.06745453321,
    "3_3": 0.0,
    "3_4": 204114.92118890522,
    "3_5": 101456.84590022688,
    "3_6": 129500.1081012461,
    "3_7": 149906.90452875238,
    "3_8": 235175.42175438366,
    "3_9": 185303.24804612595,
    "3_10": 198941.51960758155,
    "3_11": 88637.50246322228,
    "3_12": 58223.73763377387,
    "3_13": 66034.2291293883,
    "3_14": 106937.05788885152,
    "3_15": 158972.6108903174,
    "3_16": 139844.443706129,
    "3_17": 165790.78619303234,
    "3_18": 51120.124921221664,
    "3_19": 195026.65623095245,
    "3_20": 65071.57994730024,
    "3_21": 95520.72258198824,
    "3_22": 26315.79261939015,
    "3_23": 162101.16546503495,
    "3_24": 129305.79801577119,
    "4_0": 229557.82066862212,
    "4_1": 11036.54240057054,
    "4_2": 50038.75216316826,
    "4_3": 204114.92118890522,
    "4_4": 0.0,
    "4_5": 176594.67473978948,
    "4_6": 75296.92218928973,
    "4_7": 63405.178547759606,
    "4_8": 106769.42270715188,
    "4_9": 111314.69218429679,
    "4_10": 156155.5339278308,
    "4_11": 116072.43094379084,
    "4_12": 225090.67619026045,
    "4_13": 180677.95612621077,
    "4_14": 120747.51590628107,
    "4_15": 214019.76382990144,
    "4_16": 66087.59287666298,
    "4_17": 142312.18683668142,
    "4_18": 153336.4003001066,
    "4_19": 89552.47938753074,
    "4_20": 201101.50162253118,
    "4_21": 130680.26765811056,
    "4_22": 227209.05902867534,
    "4_23": 47130.931982088805,
    "4_24": 75063.94078914194,
    "5_0": 256395.67354793582,
    "5_1": 165638.96633746783,
    "5_2": 199705.94183168322,
    "5_3": 101456.84590022688,
    "5_4": 176594.67473978948,
    "5_5": 0.0,
    "5_6": 111794.54539283123,
    "5_7": 113377.82416963448,
    "5_8": 250977.0957208638,
    "5_9": 105680.84308039067,
    "5_10": 246246.32507973,
    "5_11": 102573.37333710607,
    "5_12": 71766.0187452264,
    "5_13": 35426.00934227229,
    "5_14": 144783.79321719488,
    "5_15": 238087.8677646619,
    "5_16": 115949.7656181426,
    "5_17": 213810.94415453725,
    "5_18": 82663.61127695823,
    "5_19": 124737.60145057342,
    "5_20": 156038.3128886096,
    "5_21": 139442.15400282893,
    "5_22": 125028.94019912968,
    "5_23": 129818.97024981801,
    "5_24": 121359.74804802932,
    "6_0": 194307.94776005414,
    "6_1": 66012.90402746171,
    "6_2": 88084.05760391572,
    "6_3": 129500.1081012461,
    "6_4": 75296.92218928973,
    "6_5": 111794.54539283123,
    "6_6": 0.0,
    "6_7": 26919.84374760961,
    "6_8": 140034.13724325222,
    "6_9": 95990.21038483492,
    "6_10": 150442.42671459116,
    "6_11": 43884.20789726046,
    "6_12": 151008.3442638291,
    "6_13": 108332.64831221571,
    "6_14": 68010.77115164415,
    "6_15": 176301.89597534275,
    "6_16": 11052.194649027575,
    "6_17": 123045.42159706529,
    "6_18": 78440.86316266835,
    "6_19": 89724.85623103428,
    "6_20": 136292.07702935045,
    "6_21": 72951.36855042448,
    "6_22": 153447.24750720587,
    "6_23": 33570.168576802185,
    "6_24": 12968.514678279606,
    "7_0": 220146.37466616376,
    "7_1": 52581.729216775726,
    "7_2": 91524.20480879709,
    "7_3": 149906.90452875238,
    "7_4": 63405.178547759606,
    "7_5": 113377.82416963448,
    "7_6": 26919.84374760961,
    "7_7": 0.0,
    "7_8": 148422.97244032245,
    "7_9": 72735.65267585946,
    "7_10": 170305.3801402793,
    "7_11": 68969.23314879813,
    "7_12": 163512.31152754635,
    "7_13": 118165.8804417992,
    "7_14": 94568.11640719694,
    "7_15": 202324.98123802457,
    "7_16": 17292.845483762256,
    "7_17": 145312.42556174108,
    "7_18": 99087.2693273826,
    "7_19": 63494.20521962759,
    "7_20": 162310.57181295045,
    "7_21": 99856.6132067939,
    "7_22": 174922.9808897872,
    "7_23": 16447.059408116624,
    "7_24": 37592.66597218412,
    "8_0": 172781.88998608338,
    "8_1": 114104.46817985392,
    "8_2": 58834.10325729872,
    "8_3": 235175.42175438366,
    "8_4": 106769.42270715188,
    "8_5": 250977.0957208638,
    "8_6": 140034.13724325222,
    "8_7": 148422.97244032245,
    "8_8": 0.0,
    "8_9": 213797.70785982566,
    "8_10": 78758.32181258494,
    "8_11": 156519.368421649,
    "8_12": 276635.0704539574,
    "8_13": 241151.57930919674,
    "8_14": 128275.30712304538,
    "8_15": 163784.6127266957,
    "8_16": 138543.91560536562,
    "8_17": 90192.17420571757,
    "8_18": 194132.91464252427,
    "8_19": 194513.61261759972,
    "8_20": 200893.84015844026,
    "8_21": 139907.65723002094,
    "8_22": 250361.21366213672,
    "8_23": 134712.24765122196,
    "8_24": 129650.85644907513,
    "9_0": 289584.4654986483,
    "9_1": 101678.56350760539,
    "9_2": 154982.288253511,
    "9_3": 185303.24804612595,
    "9_4": 111314.69218429679,
    "9_5": 105680.84308039067,
    "9_6": 95990.21038483492,
    "9_7": 72735.65267585946,
    "9_8": 213797.70785982566,
    "9_9": 0.0,
    "9_10": 242912.328441377,
    "9_11": 127383.63476433471,
    "9_12": 175110.66183185732,
    "9_13": 130329.37573523603,
    "9_14": 162674.74124138587,
    "9_15": 271345.2381581355,
    "9_16": 89115.79221264749,
    "9_17": 217921.4309758734,
    "9_18": 141683.0618583118,
    "9_19": 25060.781088566535,
    "9_20": 217211.99224750686,
    "9_21": 165406.18964592,
    "9_22": 211598.91016837387,
    "9_23": 81454.38360679956,
    "9_24": 108520.59583361133,
    "10_0": 94739.75880356252,
    "10_1": 158815.70489699193,
    "10_2": 108675.81866054988,
    "10_3": 198941.51960758155,
    "10_4": 156155.5339278308,
    "10_5": 246246.32507973,
    "10_6": 150442.42671459116,
    "10_7": 170305.3801402793,
    "10_8": 78758.32181258494,
    "10_9": 242912.328441377,
    "10_10": 0.0,
    "10_11": 143676.40606559577,
    "10_12": 250742.84561600254,
    "10_13": 226046.40447678225,
    "10_14": 102139.39001733696,
    "10_15": 87901.05189076599,
    "10_16": 154783.4345947064,
    "10_17": 33651.49532466539,
    "10_18": 171684.53989061032,
    "10_19": 229829.65018735765,
    "10_20": 148310.16333637867,
    "10_21": 109811.88806328517,
    "10_22": 206915.83744120746,
    "10_23": 162514.52691789783,
    "10_24": 137508.236682864,
    "11_0": 165769.55344316323,
    "11_1": 107897.16572768752,
    "11_2": 115507.20614470444,
    "11_3": 88637.50246322228,
    "11_4": 116072.43094379084,
    "11_5": 102573.37333710607,
    "11_6": 43884.20789726046,
    "11_7": 68969.23314879813,
    "11_8": 156519.368421649,
    "11_9": 127383.63476433471,
    "11_10": 143676.40606559577,
    "11_11": 0.0,
    "11_12": 120619.88547548224,
    "11_13": 85530.27651286227,
    "11_14": 43026.46651740343,
    "11_15": 147189.32583406966,
    "11_16": 54915.38530244393,
    "11_17": 111440.01449678221,
    "11_18": 39577.12891764525,
    "11_19": 127262.64615933051,
    "11_20": 93523.58759997532,
    "11_21": 40692.69856659726,
    "11_22": 111144.27831147057,
    "11_23": 77442.38116927672,
    "11_24": 41008.61021394988,
    "12_0": 233584.15128529212,
    "12_1": 214895.02145574722,
    "12_2": 235025.08898670782,
    "12_3": 58223.73763377387,
    "12_4": 225090.67619026045,
    "12_5": 71766.0187452264,
    "12_6": 151008.3442638291,
    "12_7": 163512.31152754635,
    "12_8": 276635.0704539574,
    "12_9": 175110.66183185732,
    "12_10": 250742.84561600254,
    "12_11": 120619.88547548224,
    "12_12": 0.0,
    "12_13": 46528.38698283131,
    "12_14": 152035.37356911975,
    "12_15": 217011.1217305687,
    "12_16": 159173.0458711338,
    "12_17": 217120.0633358283,
    "12_18": 82603.94984092748,
    "12_19": 191438.11026263193,
    "12_20": 123280.01385251993,
    "12_21": 142190.34391851188,
    "12_22": 70454.05059834165,
    "12_23": 178727.84606109088,
    "12_24": 155626.5953833559,
    "13_0": 226469.0807324125,
    "13_1": 170217.32488807235,
    "13_2": 195042.13305348277,
    "13_3": 66034.2291293883,
    "13_4": 180677.95612621077,
    "13_5": 35426.00934227229,
    "13_6": 108332.64831221571,
    "13_7": 118165.8804417992,
    "13_8": 241151.57930919674,
    "13_9": 130329.37573523603,
    "13_10": 226046.40447678225,
    "13_11": 85530.27651286227,
    "13_12": 46528.38698283131,
    "13_13": 0.0,
    "13_14": 124022.58315284218,
    "13_15": 208503.76191892225,
    "13_16": 115454.23406783961,
    "13_17": 192714.9808119125,
    "13_18": 55259.82928796185,
    "13_19": 145445.7911117759,
    "13_20": 122558.8527152461,
    "13_21": 116522.44787825721,
    "13_22": 89815.18967247319,
    "13_23": 133816.88236127797,
    "13_24": 114782.51243010811,
    "14_0": 126919.26823318793,
    "14_1": 115827.3235784973,
    "14_2": 101684.45265953263,
    "14_3": 106937.05788885152,
    "14_4": 120747.51590628107,
    "14_5": 144783.79321719488,
    "14_6": 68010.77115164415,
    "14_7": 94568.11640719694,
    "14_8": 128275.30712304538,
    "14_9": 162674.74124138587,
    "14_10": 102139.39001733696,
    "14_11": 43026.46651740343,
    "14_12": 152035.37356911975,
    "14_13": 124022.58315284218,
    "14_14": 0.0,
    "14_15": 108678.09487443775,
    "14_16": 77410.56377182237,
    "14_17": 69146.79242437542,
    "14_18": 70462.29863868459,
    "14_19": 157735.33575922504,
    "14_20": 82085.6240144815,
    "14_21": 12003.800200470865,
    "14_22": 122773.46837204989,
    "14_23": 96153.91203002779,
    "14_24": 57244.485504002136,
    "15_0": 18615.66673337681,
    "15_1": 212599.2448235069,
    "15_2": 176071.3035369946,
    "15_3": 158972.6108903174,
    "15_4": 214019.76382990144,
    "15_5": 238087.8677646619,
    "15_6": 176301.89597534275,
    "15_7": 202324.98123802457,
    "15_8": 163784.6127266957,
    "15_9": 271345.2381581355,
    "15_10": 87901.05189076599,
    "15_11": 147189.32583406966,
    "15_12": 217011.1217305687,
    "15_13": 208503.76191892225,
    "15_14": 108678.09487443775,
    "15_15": 0.0,
    "15_16": 185033.29189183412,
    "15_17": 76806.17332435108,
    "15_18": 155425.2192997656,
    "15_19": 265798.71682034235,
    "15_20": 94754.09417177684,
    "15_21": 106834.26514017582,
    "15_22": 155933.65040392237,
    "15_23": 201483.0402942709,
    "15_24": 164734.23595371546,
    "16_0": 202855.4837682484,
    "16_1": 56319.314991429106,
    "16_2": 84144.76648778009,
    "16_3": 139844.443706129,
    "16_4": 66087.59287666298,
    "16_5": 115949.7656181426,
    "16_6": 11052.194649027575,
    "16_7": 17292.845483762256,
    "16_8": 138543.91560536562,
    "16_9": 89115.79221264749,
    "16_10": 154783.4345947064,
    "16_11": 54915.38530244393,
    "16_12": 159173.0458711338,
    "16_13": 115454.23406783961,
    "16_14": 77410.56377182237,
    "16_15": 185033.29189183412,
    "16_16": 0.0,
    "16_17": 128837.90254685073,
    "16_18": 88727.62407016262,
    "16_19": 80784.83733581801,
    "16_20": 147273.7658703243,
    "16_21": 83085.26118652726,
    "16_22": 164046.98210971523,
    "16_23": 22607.719056818023,
    "16_24": 20306.339626302735,
    "17_0": 89543.8764626206,
    "17_1": 142774.20352980023,
    "17_2": 100361.57324321612,
    "17_3": 165790.78619303234,
    "17_4": 142312.18683668142,
    "17_5": 213810.94415453725,
    "17_6": 123045.42159706529,
    "17_7": 145312.42556174108,
    "17_8": 90192.17420571757,
    "17_9": 217921.4309758734,
    "17_10": 33651.49532466539,
    "17_11": 111440.01449678221,
    "17_12": 217120.0633358283,
    "17_13": 192714.9808119125,
    "17_14": 69146.79242437542,
    "17_15": 76806.17332435108,
    "17_16": 128837.90254685073,
    "17_17": 0.0,
    "17_18": 138157.0520406661,
    "17_19": 207173.5168141709,
    "17_20": 117980.14360380518,
    "17_21": 76298.18414588184,
    "17_22": 174835.83528071333,
    "17_23": 139839.2321632548,
    "17_24": 110116.76092970683,
    "18_0": 173737.8565576605,
    "18_1": 144389.43223797448,
    "18_2": 155062.4751312741,
    "18_3": 51120.124921221664,
    "18_4": 153336.4003001066,
    "18_5": 82663.61127695823,
    "18_6": 78440.86316266835,
    "18_7": 99087.2693273826,
    "18_8": 194132.91464252427,
    "18_9": 141683.0618583118,
    "18_10": 171684.53989061032,
    "18_11": 39577.12891764525,
    "18_12": 82603.94984092748,
    "18_13": 55259.82928796185,
    "18_14": 70462.29863868459,
    "18_15": 155425.2192997656,
    "18_16": 88727.62407016262,
    "18_17": 138157.0520406661,
    "18_18": 0.0,
    "18_19": 148050.2927440859,
    "18_20": 78354.1155702603,
    "18_21": 61873.040727572574,
    "18_22": 75838.60377489557,
    "18_23": 110992.21239936577,
    "18_24": 78987.95035542759,
    "19_0": 283640.2579398745,
    "19_1": 80747.86832206561,
    "19_2": 135816.65354320346,
    "19_3": 195026.65623095245,
    "19_4": 89552.47938753074,
    "19_5": 124737.60145057342,
    "19_6": 89724.85623103428,
    "19_7": 63494.20521962759,
    "19_8": 194513.61261759972,
    "19_9": 25060.781088566535,
    "19_10": 229829.65018735765,
    "19_11": 127262.64615933051,
    "19_12": 191438.11026263193,
    "19_13": 145445.7911117759,
    "19_14": 157735.33575922504,
    "19_15": 265798.71682034235,
    "19_16": 80784.83733581801,
    "19_17": 207173.5168141709,
    "19_18": 148050.2927440859,
    "19_19": 0.0,
    "19_20": 219974.35810903902,
    "19_21": 162214.16202436155,
    "19_22": 221268.69591842507,
    "19_23": 67483.69326342418,
    "19_24": 101069.61921723057,
    "20_0": 110595.27906477594,
    "20_1": 194978.6760366226,
    "20_2": 183230.45683018083,
    "20_3": 65071.57994730024,
    "20_4": 201101.50162253118,
    "20_5": 156038.3128886096,
    "20_6": 136292.07702935045,
    "20_7": 162310.57181295045,
    "20_8": 200893.84015844026,
    "20_9": 217211.99224750686,
    "20_10": 148310.16333637867,
    "20_11": 93523.58759997532,
    "20_12": 123280.01385251993,
    "20_13": 122558.8527152461,
    "20_14": 82085.6240144815,
    "20_15": 94754.09417177684,
    "20_16": 147273.7658703243,
    "20_17": 117980.14360380518,
    "20_18": 78354.1155702603,
    "20_19": 219974.35810903902,
    "20_20": 0.0,
    "20_21": 70963.43967763912,
    "20_22": 61959.026291936396,
    "20_23": 169199.79659840028,
    "20_24": 129901.72634031327,
    "21_0": 125358.86446601797,
    "21_1": 125196.02608543103,
    "21_2": 113467.68430918455,
    "21_3": 95520.72258198824,
    "21_4": 130680.26765811056,
    "21_5": 139442.15400282893,
    "21_6": 72951.36855042448,
    "21_7": 99856.6132067939,
    "21_8": 139907.65723002094,
    "21_9": 165406.18964592,
    "21_10": 109811.88806328517,
    "21_11": 40692.69856659726,
    "21_12": 142190.34391851188,
    "21_13": 116522.44787825721,
    "21_14": 12003.800200470865,
    "21_15": 106834.26514017582,
    "21_16": 83085.26118652726,
    "21_17": 76298.18414588184,
    "21_18": 61873.040727572574,
    "21_19": 162214.16202436155,
    "21_20": 70963.43967763912,
    "21_21": 0.0,
    "21_22": 110853.93462722399,
    "21_23": 103145.69105230713,
    "21_24": 63501.253105088304,
    "22_0": 170775.67762819992,
    "22_1": 218854.3442678869,
    "22_2": 221694.21432174504,
    "22_3": 26315.79261939015,
    "22_4": 227209.05902867534,
    "22_5": 125028.94019912968,
    "22_6": 153447.24750720587,
    "22_7": 174922.9808897872,
    "22_8": 250361.21366213672,
    "22_9": 211598.91016837387,
    "22_10": 206915.83744120746,
    "22_11": 111144.27831147057,
    "22_12": 70454.05059834165,
    "22_13": 89815.18967247319,
    "22_14": 122773.46837204989,
    "22_15": 155933.65040392237,
    "22_16": 164046.98210971523,
    "22_17": 174835.83528071333,
    "22_18": 75838.60377489557,
    "22_19": 221268.69591842507,
    "22_20": 61959.026291936396,
    "22_21": 110853.93462722399,
    "22_22": 0.0,
    "22_23": 186507.25593807115,
    "22_24": 152147.83865786687,
    "23_0": 218831.1907662894,
    "23_1": 36447.95319689011,
    "23_2": 76842.62174783066,
    "23_3": 162101.16546503495,
    "23_4": 47130.931982088805,
    "23_5": 129818.97024981801,
    "23_6": 33570.168576802185,
    "23_7": 16447.059408116624,
    "23_8": 134712.24765122196,
    "23_9": 81454.38360679956,
    "23_10": 162514.52691789783,
    "23_11": 77442.38116927672,
    "23_12": 178727.84606109088,
    "23_13": 133816.88236127797,
    "23_14": 96153.91203002779,
    "23_15": 201483.0402942709,
    "23_16": 22607.719056818023,
    "23_17": 139839.2321632548,
    "23_18": 110992.21239936577,
    "23_19": 67483.69326342418,
    "23_20": 169199.79659840028,
    "23_21": 103145.69105230713,
    "23_22": 186507.25593807115,
    "23_23": 0.0,
    "23_24": 39768.326376403056,
    "24_0": 182580.8594602308,
    "24_1": 67025.19263477245,
    "24_2": 80264.22988231145,
    "24_3": 129305.79801577119,
    "24_4": 75063.94078914194,
    "24_5": 121359.74804802932,
    "24_6": 12968.514678279606,
    "24_7": 37592.66597218412,
    "24_8": 129650.85644907513,
    "24_9": 108520.59583361133,
    "24_10": 137508.236682864,
    "24_11": 41008.61021394988,
    "24_12": 155626.5953833559,
    "24_13": 114782.51243010811,
    "24_14": 57244.485504002136,
    "24_15": 164734.23595371546,
    "24_16": 20306.339626302735,
    "24_17": 110116.76092970683,
    "24_18": 78987.95035542759,
    "24_19": 101069.61921723057,
    "24_20": 129901.72634031327,
    "24_21": 63501.253105088304,
    "24_22": 152147.83865786687,
    "24_23": 39768.326376403056,
    "24_24": 0.0
}