{
    "0_0": 0.0,
    "0_1": 116278.8662185738,
    "0_2": 153221.56366989293,
    "0_3": 231019.7187669593,
    "0_4": 88420.6911716528,
    "0_5": 167523.62908028465,
    "0_6": 97435.62013939547,
    "0_7": 188521.1411139684,
    "0_8": 72928.60679671007,
    "0_9": 223919.31029616075,
    "0_10": 131297.35892591038,
    "0_11": 113029.4835416233,
    "0_12": 232511.30005244788,
    "0_13": 230646.03135533497,
    "0_14": 109883.69447811159,
    "0_15": 113691.97098926923,
    "0_16": 61446.446186960944,
    "0_17": 152529.2118973604,
    "0_18": 66880.05210112664,
    "0_19": 134514.75805385842,
    "0_20": 80583.57162324962,
    "0_21": 94824.00668385804,
    "0_22": 77903.22621465688,
    "0_23": 164242.5090204545,
    "0_24": 127423.80188814386,
    "1_0": 116278.8662185738,
    "1_1": 0.0,
    "1_2": 123550.91744801108,
    "1_3": 114830.15050986767,
    "1_4": 129391.1137204845,
    "1_5": 94802.00228647848,
    "1_6": 113606.59231130446,
    "1_7": 124844.30032013675,
    "1_8": 160955.0727165078,
    "1_9": 136964.74074224127,
    "1_10": 98122.62947357309,
    "1_11": 44679.15512578789,
    "1_12": 118532.60761655924,
    "1_13": 115549.1773262455,
    "1_14": 10600.24455496903,
    "1_15": 61774.61903171586,
    "1_16": 101445.26340572286,
    "1_17": 117288.18754651588,
    "1_18": 61980.42915947326,
    "1_19": 111223.69844416245,
    "1_20": 89781.5814643416,
    "1_21": 102235.78191228755,
    "1_22": 52153.139305918354,
    "1_23": 55154.11349239427,
    "1_24": 14411.559070880652,
    "2_0": 153221.56366989293,
    "2_1": 123550.91744801108,
    "2_2": 0.0,
    "2_3": 187709.8782712162,
    "2_4": 220295.01678569944,
    "2_5": 55349.77092422297,
    "2_6": 214532.4857908538,
    "2_7": 248351.3077142698,
    "2_8": 224888.61505144916,
    "2_9": 255090.9843159117,
    "2_10": 216214.005320431,
    "2_11": 79101.81393060979,
    "2_12": 162958.25151218034,
    "2_13": 198534.05440370744,
    "2_14": 130635.09321708734,
    "2_15": 180255.74315352004,
    "2_16": 92824.91124204407,
    "2_17": 237501.61231708815,
    "2_18": 152687.18184766427,
    "2_19": 227725.10860071727,
    "2_20": 72746.6694072739,
    "2_21": 59135.67620400909,
    "2_22": 151281.26545677907,
    "2_23": 167844.81363488422,
    "2_24": 116806.73142563718,
    "3_0": 231019.7187669593,
    "3_1": 114830.15050986767,
    "3_2": 187709.8782712162,
    "3_3": 0.0,
    "3_4": 225740.6172821557,
    "3_5": 133663.7186416278,
    "3_6": 204147.4487219275,
    "3_7": 144481.64866122024,
    "3_8": 268100.92633183906,
    "3_9": 113525.01731198023,
    "3_10": 165624.9146671399,
    "3_11": 135776.33148312004,
    "3_12": 39166.3170011949,
    "3_13": 16869.681574016926,
    "3_14": 121368.99331950652,
    "3_15": 143530.7153231028,
    "3_16": 209563.04539552776,
    "3_17": 171516.40120462482,
    "3_18": 171413.55139535663,
    "3_19": 178581.67540878482,
    "3_20": 192134.21924597406,
    "3_21": 198552.58187629277,
    "3_22": 159915.42856270264,
    "3_23": 74496.26913986904,
    "3_24": 105082.65665979632,
    "4_0": 88420.6911716528,
    "4_1": 129391.1137204845,
    "4_2": 220295.01678569944,
    "4_3": 225740.6172821557,
    "4_4": 0.0,
    "4_5": 214835.28505949487,
    "4_6": 23719.6903688559,
    "4_7": 129166.22092748093,
    "4_8": 53954.693490904116,
    "4_9": 175434.53505118797,
    "4_10": 71616.96811245068,
    "4_11": 154567.97775129086,
    "4_12": 241721.5042424176,
    "4_13": 218967.71700696537,
    "4_14": 118933.44966442928,
    "4_15": 82240.52109832186,
    "4_16": 140122.43089700566,
    "4_17": 84687.18383528989,
    "4_18": 71437.81024614982,
    "4_19": 66042.74114539361,
    "4_20": 151582.0650043091,
    "4_21": 168651.03140530514,
    "4_22": 78251.22845235685,
    "4_23": 151247.33827308967,
    "4_24": 143802.57882628508,
    "5_0": 167523.62908028465,
    "5_1": 94802.00228647848,
    "5_2": 55349.77092422297,
    "5_3": 133663.7186416278,
    "5_4": 214835.28505949487,
    "5_5": 0.0,
    "5_6": 203405.11332781013,
    "5_7": 213516.4977920711,
    "5_8": 232521.31475412237,
    "5_9": 211863.30549951553,
    "5_10": 192923.37562861704,
    "5_11": 60327.50434935967,
    "5_12": 107612.01312995123,
    "5_13": 145550.42268302082,
    "5_14": 104531.67316494355,
    "5_15": 156515.16003012413,
    "5_16": 116483.71886303106,
    "5_17": 211789.4464970672,
    "5_18": 143414.55877250852,
    "5_19": 205957.94222210665,
    "5_20": 93599.00529435083,
    "5_21": 89170.750096819,
    "5_22": 137873.9021089033,
    "5_23": 125694.2368769039,
    "5_24": 83222.53356900426,
    "6_0": 97435.62013939547,
    "6_1": 113606.59231130446,
    "6_2": 214532.4857908538,
    "6_3": 204147.4487219275,
    "6_4": 23719.6903688559,
    "6_5": 203405.11332781013,
    "6_6": 0.0,
    "6_7": 106247.70537851744,
    "6_8": 76756.10102891835,
    "6_9": 151888.93137120613,
    "6_10": 48002.79230209544,
    "6_11": 143883.12279256448,
    "6_12": 221949.97263094806,
    "6_13": 196720.13589142106,
    "6_14": 103007.08134042835,
    "6_15": 60883.558151288584,
    "6_16": 141391.173853335,
    "6_17": 62586.538549787336,
    "6_18": 61951.35575385157,
    "6_19": 43572.43309105343,
    "6_20": 149476.29107770228,
    "6_21": 166801.96152121908,
    "6_22": 65594.7040121833,
    "6_23": 129816.18582963657,
    "6_24": 127874.5227150344,
    "7_0": 188521.1411139684,
    "7_1": 124844.30032013675,
    "7_2": 248351.3077142698,
    "7_3": 144481.64866122024,
    "7_4": 129166.22092748093,
    "7_5": 213516.4977920711,
    "7_6": 106247.70537851744,
    "7_7": 0.0,
    "7_8": 182935.9500094617,
    "7_9": 49835.05236323327,
    "7_10": 59533.19935775129,
    "7_11": 169492.24876199878,
    "7_12": 176959.3129529419,
    "7_13": 130494.73883333812,
    "7_14": 118615.96036467525,
    "7_15": 78340.03165739749,
    "7_16": 209007.10595579824,
    "7_17": 45279.46302289806,
    "7_18": 125455.74314027785,
    "7_19": 63171.49145200369,
    "7_20": 205784.20375226781,
    "7_21": 221204.8689579028,
    "7_22": 117515.15907894418,
    "7_23": 91156.62758689234,
    "7_24": 132379.1807604979,
    "8_0": 72928.60679671007,
    "8_1": 160955.0727165078,
    "8_2": 224888.61505144916,
    "8_3": 268100.92633183906,
    "8_4": 53954.693490904116,
    "8_5": 232521.31475412237,
    "8_6": 76756.10102891835,
    "8_7": 182935.9500094617,
    "8_8": 0.0,
    "8_9": 228377.2893657949,
    "8_10": 124555.05683283882,
    "8_11": 173663.89356529116,
    "8_12": 278776.8940720839,
    "8_13": 263417.47512723785,
    "8_14": 151538.59850350584,
    "8_15": 127920.73276085245,
    "8_16": 134261.451139507,
    "8_17": 138636.8069070703,
    "8_18": 99053.5153824528,
    "8_19": 119920.59261540664,
    "8_20": 152200.9955073633,
    "8_21": 167296.163688773,
    "8_22": 109681.49634018842,
    "8_23": 194454.75330891227,
    "8_24": 174772.5490137053,
    "9_0": 223919.31029616075,
    "9_1": 136964.74074224127,
    "9_2": 255090.9843159117,
    "9_3": 113525.01731198023,
    "9_4": 175434.53505118797,
    "9_5": 211863.30549951553,
    "9_6": 151888.93137120613,
    "9_7": 49835.05236323327,
    "9_8": 228377.2893657949,
    "9_9": 0.0,
    "9_10": 103894.05102563773,
    "9_11": 179836.19494118565,
    "9_12": 150824.2974375426,
    "9_13": 97287.32548844512,
    "9_14": 134307.37611855374,
    "9_15": 110245.02760763121,
    "9_16": 233304.6372116315,
    "9_17": 94085.26175139978,
    "9_18": 157547.18525767623,
    "9_19": 110570.4876780533,
    "9_20": 225524.9959299381,
    "9_21": 238981.77293589446,
    "9_22": 147494.05750503062,
    "9_23": 87289.6798323492,
    "9_24": 139564.70498875953,
    "10_0": 131297.35892591038,
    "10_1": 98122.62947357309,
    "10_2": 216214.005320431,
    "10_3": 165624.9146671399,
    "10_4": 71616.96811245068,
    "10_5": 192923.37562861704,
    "10_6": 48002.79230209544,
    "10_7": 59533.19935775129,
    "10_8": 124555.05683283882,
    "10_9": 103894.05102563773,
    "10_10": 0.0,
    "10_11": 138542.48891724498,
    "10_12": 188892.9050135451,
    "10_13": 156005.17806070077,
    "10_14": 88561.42166029793,
    "10_15": 36556.75354425732,
    "10_16": 160287.01421591855,
    "10_17": 22751.331522511347,
    "10_18": 73443.52994986826,
    "10_19": 13892.268594351557,
    "10_20": 161725.4744349641,
    "10_21": 178476.31665056664,
    "10_22": 68853.28113814113,
    "10_23": 94028.28851049188,
    "10_24": 110433.95743677636,
    "11_0": 113029.4835416233,
    "11_1": 44679.15512578789,
    "11_2": 79101.81393060979,
    "11_3": 135776.33148312004,
    "11_4": 154567.97775129086,
    "11_5": 60327.50434935967,
    "11_6": 143883.12279256448,
    "11_7": 169492.24876199878,
    "11_8": 173663.89356529116,
    "11_9": 179836.19494118565,
    "11_10": 138542.48891724498,
    "11_11": 0.0,
    "11_12": 126120.98236668241,
    "11_13": 141475.09715037746,
    "11_14": 51559.81325981928,
    "11_15": 102139.42486534885,
    "11_16": 75100.28964572377,
    "11_17": 159202.34018205904,
    "11_18": 83200.94710224349,
    "11_19": 150722.13176491708,
    "11_20": 56375.682928390146,
    "11_21": 63930.72875033637,
    "11_22": 78315.55378423733,
    "11_23": 94178.57917095804,
    "11_24": 40427.41203818336,
    "12_0": 232511.30005244788,
    "12_1": 118532.60761655924,
    "12_2": 162958.25151218034,
    "12_3": 39166.3170011949,
    "12_4": 241721.5042424176,
    "12_5": 107612.01312995123,
    "12_6": 221949.97263094806,
    "12_7": 176959.3129529419,
    "12_8": 278776.8940720839,
    "12_9": 150824.2974375426,
    "12_10": 188892.9050135451,
    "12_11": 126120.98236668241,
    "12_12": 0.0,
    "12_13": 55970.7034716501,
    "12_14": 127387.88756354275,
    "12_15": 161373.24413533002,
    "12_16": 201142.55659335922,
    "12_17": 198348.69732438368,
    "12_18": 179825.35937993907,
    "12_19": 202512.53244563972,
    "12_20": 181170.34843504938,
    "12_21": 184320.54273094115,
    "12_22": 169105.55947436055,
    "12_23": 94881.03091989658,
    "12_24": 105706.29301874126,
    "13_0": 230646.03135533497,
    "13_1": 115549.1773262455,
    "13_2": 198534.05440370744,
    "13_3": 16869.681574016926,
    "13_4": 218967.71700696537,
    "13_5": 145550.42268302082,
    "13_6": 196720.13589142106,
    "13_7": 130494.73883333812,
    "13_8": 263417.47512723785,
    "13_9": 97287.32548844512,
    "13_10": 156005.17806070077,
    "13_11": 141475.09715037746,
    "13_12": 55970.7034716501,
    "13_13": 0.0,
    "13_14": 120832.70390079932,
    "13_15": 136877.23174881245,
    "13_16": 213616.44843804912,
    "13_17": 160105.38537918447,
    "13_18": 168684.63877329568,
    "13_19": 168507.62301909554,
    "13_20": 197430.10875725662,
    "13_21": 205109.5147133926,
    "13_22": 157024.13796895038,
    "13_23": 69014.76188758135,
    "13_24": 107520.52775103129,
    "14_0": 109883.69447811159,
    "14_1": 10600.24455496903,
    "14_2": 130635.09321708734,
    "14_3": 121368.99331950652,
    "14_4": 118933.44966442928,
    "14_5": 104531.67316494355,
    "14_6": 103007.08134042835,
    "14_7": 118615.96036467525,
    "14_8": 151538.59850350584,
    "14_9": 134307.37611855374,
    "14_10": 88561.42166029793,
    "14_11": 51559.81325981928,
    "14_12": 127387.88756354275,
    "14_13": 120832.70390079932,
    "14_14": 0.0,
    "14_15": 52044.19289251761,
    "14_16": 100639.10900143377,
    "14_17": 108315.09819631763,
    "14_18": 52490.96431484268,
    "14_19": 101448.52853265627,
    "14_20": 91229.11110074414,
    "14_21": 104904.09340307707,
    "14_22": 42183.543060179305,
    "14_23": 56794.39004737156,
    "14_24": 24932.521946570796,
    "15_0": 113691.97098926923,
    "15_1": 61774.61903171586,
    "15_2": 180255.74315352004,
    "15_3": 143530.7153231028,
    "15_4": 82240.52109832186,
    "15_5": 156515.16003012413,
    "15_6": 60883.558151288584,
    "15_7": 78340.03165739749,
    "15_8": 127920.73276085245,
    "15_9": 110245.02760763121,
    "15_10": 36556.75354425732,
    "15_11": 102139.42486534885,
    "15_12": 161373.24413533002,
    "15_13": 136877.23174881245,
    "15_14": 52044.19289251761,
    "15_15": 0.0,
    "15_16": 130905.14952120329,
    "15_17": 57247.45657892411,
    "15_18": 47885.903141219394,
    "15_19": 49451.47394592521,
    "15_20": 129278.71188271993,
    "15_21": 145460.95268204305,
    "15_22": 39203.26114006285,
    "15_23": 69064.79992887905,
    "15_24": 74543.99244102961,
    "16_0": 61446.446186960944,
    "16_1": 101445.26340572286,
    "16_2": 92824.91124204407,
    "16_3": 209563.04539552776,
    "16_4": 140122.43089700566,
    "16_5": 116483.71886303106,
    "16_6": 141391.173853335,
    "16_7": 209007.10595579824,
    "16_8": 134261.451139507,
    "16_9": 233304.6372116315,
    "16_10": 160287.01421591855,
    "16_11": 75100.28964572377,
    "16_12": 201142.55659335922,
    "16_13": 213616.44843804912,
    "16_14": 100639.10900143377,
    "16_15": 130905.14952120329,
    "16_16": 0.0,
    "16_17": 183033.59251725517,
    "16_18": 86914.10062165436,
    "16_19": 168058.91843047197,
    "16_20": 22915.222304538795,
    "16_21": 33758.92447508347,
    "16_22": 92287.18667769682,
    "16_23": 156518.31712514005,
    "16_24": 106459.3697927494,
    "17_0": 152529.2118973604,
    "17_1": 117288.18754651588,
    "17_2": 237501.61231708815,
    "17_3": 171516.40120462482,
    "17_4": 84687.18383528989,
    "17_5": 211789.4464970672,
    "17_6": 62586.538549787336,
    "17_7": 45279.46302289806,
    "17_8": 138636.8069070703,
    "17_9": 94085.26175139978,
    "17_10": 22751.331522511347,
    "17_11": 159202.34018205904,
    "17_12": 198348.69732438368,
    "17_13": 160105.38537918447,
    "17_14": 108315.09819631763,
    "17_15": 57247.45657892411,
    "17_16": 183033.59251725517,
    "17_17": 0.0,
    "17_18": 96169.41599021955,
    "17_19": 19083.099645870607,
    "17_20": 184332.54620445482,
    "17_21": 201011.37542709764,
    "17_22": 91523.48985306428,
    "17_23": 104264.76678518984,
    "17_24": 128662.65285815968,
    "18_0": 66880.05210112664,
    "18_1": 61980.42915947326,
    "18_2": 152687.18184766427,
    "18_3": 171413.55139535663,
    "18_4": 71437.81024614982,
    "18_5": 143414.55877250852,
    "18_6": 61951.35575385157,
    "18_7": 125455.74314027785,
    "18_8": 99053.5153824528,
    "18_9": 157547.18525767623,
    "18_10": 73443.52994986826,
    "18_11": 83200.94710224349,
    "18_12": 179825.35937993907,
    "18_13": 168684.63877329568,
    "18_14": 52490.96431484268,
    "18_15": 47885.903141219394,
    "18_16": 86914.10062165436,
    "18_17": 96169.41599021955,
    "18_18": 0.0,
    "18_19": 81310.20512263961,
    "18_20": 90300.96552943766,
    "18_21": 107506.95868477733,
    "18_22": 11704.41275328704,
    "18_23": 100299.156402435,
    "18_24": 75994.89634551402,
    "19_0": 134514.75805385842,
    "19_1": 111223.69844416245,
    "19_2": 227725.10860071727,
    "19_3": 178581.67540878482,
    "19_4": 66042.74114539361,
    "19_5": 205957.94222210665,
    "19_6": 43572.43309105343,
    "19_7": 63171.49145200369,
    "19_8": 119920.59261540664,
    "19_9": 110570.4876780533,
    "19_10": 13892.268594351557,
    "19_11": 150722.13176491708,
    "19_12": 202512.53244563972,
    "19_13": 168507.62301909554,
    "19_14": 101448.52853265627,
    "19_15": 49451.47394592521,
    "19_16": 168058.91843047197,
    "19_17": 19083.099645870607,
    "19_18": 81310.20512263961,
    "19_19": 0.0,
    "19_20": 171009.30893327948,
    "19_21": 187991.92372433355,
    "19_22": 78313.00190017969,
    "19_23": 107631.57062319486,
    "19_24": 123810.06069719496,
    "20_0": 80583.57162324962,
    "20_1": 89781.5814643416,
    "20_2": 72746.6694072739,
    "20_3": 192134.21924597406,
    "20_4": 151582.0650043091,
    "20_5": 93599.00529435083,
    "20_6": 149476.29107770228,
    "20_7": 205784.20375226781,
    "20_8": 152200.9955073633,
    "20_9": 225524.9959299381,
    "20_10": 161725.4744349641,
    "20_11": 56375.682928390146,
    "20_12": 181170.34843504938,
    "20_13": 197430.10875725662,
    "20_14": 91229.11110074414,
    "20_15": 129278.71188271993,
    "20_16": 22915.222304538795,
    "20_17": 184332.54620445482,
    "20_18": 90300.96552943766,
    "20_19": 171009.30893327948,
    "20_20": 0.0,
    "20_21": 17331.20829514469,
    "20_22": 92903.62449853345,
    "20_23": 144602.5282280592,
    "20_24": 92095.53607427255,
    "21_0": 94824.00668385804,
    "21_1": 102235.78191228755,
    "21_2": 59135.67620400909,
    "21_3": 198552.58187629277,
    "21_4": 168651.03140530514,
    "21_5": 89170.750096819,
    "21_6": 166801.96152121908,
    "21_7": 221204.8689579028,
    "21_8": 167296.163688773,
    "21_9": 238981.77293589446,
    "21_10": 178476.31665056664,
    "21_11": 63930.72875033637,
    "21_12": 184320.54273094115,
    "21_13": 205109.5147133926,
    "21_14": 104904.09340307707,
    "21_15": 145460.95268204305,
    "21_16": 33758.92447508347,
    "21_17": 201011.37542709764,
    "21_18": 107506.95868477733,
    "21_19": 187991.92372433355,
    "21_20": 17331.20829514469,
    "21_21": 0.0,
    "21_22": 109757.93227382051,
    "21_23": 156128.87371773957,
    "21_24": 102625.27119296703,
    "22_0": 77903.22621465688,
    "22_1": 52153.139305918354,
    "22_2": 151281.26545677907,
    "22_3": 159915.42856270264,
    "22_4": 78251.22845235685,
    "22_5": 137873.9021089033,
    "22_6": 65594.7040121833,
    "22_7": 117515.15907894418,
    "22_8": 109681.49634018842,
    "22_9": 147494.05750503062,
    "22_10": 68853.28113814113,
    "22_11": 78315.55378423733,
    "22_12": 169105.55947436055,
    "22_13": 157024.13796895038,
    "22_14": 42183.543060179305,
    "22_15": 39203.26114006285,
    "22_16": 92287.18667769682,
    "22_17": 91523.48985306428,
    "22_18": 11704.41275328704,
    "22_19": 78313.00190017969,
    "22_20": 92903.62449853345,
    "22_21": 109757.93227382051,
    "22_22": 0.0,
    "22_23": 88595.71221325462,
    "22_24": 66439.23730361657,
    "23_0": 164242.5090204545,
    "23_1": 55154.11349239427,
    "23_2": 167844.81363488422,
    "23_3": 74496.26913986904,
    "23_4": 151247.33827308967,
    "23_5": 125694.2368769039,
    "23_6": 129816.18582963657,
    "23_7": 91156.62758689234,
    "23_8": 194454.75330891227,
    "23_9": 87289.6798323492,
    "23_10": 94028.28851049188,
    "23_11": 94178.57917095804,
    "23_12": 94881.03091989658,
    "23_13": 69014.76188758135,
    "23_14": 56794.39004737156,
    "23_15": 69064.79992887905,
    "23_16": 156518.31712514005,
    "23_17": 104264.76678518984,
    "23_18": 100299.156402435,
    "23_19": 107631.57062319486,
    "23_20": 144602.5282280592,
    "23_21": 156128.87371773957,
    "23_22": 88595.71221325462,
    "23_23": 0.0,
    "23_24": 53846.153435165,
    "24_0": 127423.80188814386,
    "24_1": 14411.559070880652,
    "24_2": 116806.73142563718,
    "24_3": 105082.65665979632,
    "24_4": 143802.57882628508,
    "24_5": 83222.53356900426,
    "24_6": 127874.5227150344,
    "24_7": 132379.1807604979,
    "24_8": 174772.5490137053,
    "24_9": 139564.70498875953,
    "24_10": 110433.95743677636,
    "24_11": 40427.41203818336,
    "24_12": 105706.29301874126,
    "24_13": 107520.52775103129,
    "24_14": 24932.521946570796,
    "24_15": 74543.99244102961,
    "24_16": 106459.3697927494,
    "24_17": 128662.65285815968,
    "24_18": 75994.89634551402,
    "24_19": 123810.06069719496,
    "24_20": 92095.53607427255,
    "24_21": 102625.27119296703,
    "24_22": 66439.23730361657,
    "24_23": 53846.153435165,
    "24_24": 0.0
}