{
    "0_0": 0.0,
    "0_1": 201065.2232851902,
    "0_2": 117438.36831199455,
    "0_3": 147487.22601329722,
    "0_4": 178250.62115962303,
    "0_5": 213439.49424401837,
    "0_6": 255792.33060409795,
    "0_7": 220043.65588363842,
    "0_8": 146954.9465282665,
    "0_9": 56500.76416893613,
    "0_10": 218274.42887625305,
    "0_11": 236272.70062523652,
    "0_12": 163409.3455020392,
    "0_13": 25506.845382333973,
    "0_14": 262649.1039942494,
    "0_15": 235665.18462495794,
    "0_16": 235010.42446069387,
    "0_17": 288515.07882845425,
    "0_18": 212321.20652305987,
    "0_19": 171029.86841642,
    "0_20": 217819.92871022815,
    "0_21": 228455.04840484433,
    "0_22": 210792.50064895677,
    "0_23": 149091.35913190583,
    "0_24": 204725.37074381305,
    "1_0": 201065.2232851902,
    "1_1": 0.0,
    "1_2": 123783.73397289394,
    "1_3": 63015.777197317686,
    "1_4": 59569.36251703857,
    "1_5": 87523.79893888286,
    "1_6": 105716.0777887048,
    "1_7": 137717.98701508224,
    "1_8": 138728.40171027044,
    "1_9": 148795.34693545042,
    "1_10": 181056.80568485943,
    "1_11": 40357.99089168249,
    "1_12": 37793.13126748987,
    "1_13": 203769.35195051003,
    "1_14": 105240.62360241862,
    "1_15": 53164.65807811453,
    "1_16": 120317.82880665186,
    "1_17": 165496.06648292046,
    "1_18": 29447.28917537925,
    "1_19": 172470.84971203457,
    "1_20": 24945.428313330995,
    "1_21": 121166.25184577702,
    "1_22": 12010.788047141075,
    "1_23": 244419.3137206741,
    "1_24": 130012.1280599205,
    "2_0": 117438.36831199455,
    "2_1": 123783.73397289394,
    "2_2": 0.0,
    "2_3": 106342.09006794365,
    "2_4": 75567.90244818658,
    "2_5": 100204.82110002446,
    "2_6": 142678.69916898315,
    "2_7": 103019.55964459642,
    "2_8": 36100.9160878013,
    "2_9": 64788.35146774106,
    "2_10": 110705.38088092378,
    "2_11": 164140.11785622378,
    "2_12": 92200.82852718387,
    "2_13": 134351.92935270074,
    "2_14": 150676.1712657461,
    "2_15": 174125.17324213675,
    "2_16": 118075.05403344518,
    "2_17": 171088.78035195588,
    "2_18": 147887.79767304988,
    "2_19": 72693.21342953268,
    "2_20": 147727.98757257735,
    "2_21": 111262.01727063708,
    "2_22": 128491.25129744167,
    "2_23": 121580.56467193631,
    "2_24": 87617.51962101668,
    "3_0": 147487.22601329722,
    "3_1": 63015.777197317686,
    "3_2": 106342.09006794365,
    "3_3": 0.0,
    "3_4": 83672.12943431833,
    "3_5": 125935.4479800601,
    "3_6": 157077.5619888504,
    "3_7": 165825.32534406576,
    "3_8": 135226.46970644713,
    "3_9": 102581.73148574813,
    "3_10": 197940.22910261937,
    "3_11": 90817.63791747698,
    "3_12": 36322.760291886145,
    "3_13": 145882.05615374102,
    "3_14": 159258.97406429928,
    "3_15": 88188.26176817811,
    "3_16": 159196.21786136797,
    "3_17": 211625.1924996933,
    "3_18": 65730.14518422935,
    "3_19": 173583.49660490433,
    "3_20": 72785.99631629713,
    "3_21": 157085.47341999633,
    "3_22": 74865.5756038204,
    "3_23": 224286.88890788791,
    "3_24": 153564.32576532738,
    "4_0": 178250.62115962303,
    "4_1": 59569.36251703857,
    "4_2": 75567.90244818658,
    "4_3": 83672.12943431833,
    "4_4": 0.0,
    "4_5": 43324.18713946618,
    "4_6": 81006.64791012644,
    "4_7": 83781.37371594377,
    "4_8": 81565.27074667465,
    "4_9": 121817.20856950208,
    "4_10": 122846.78040971718,
    "4_11": 97188.09219021886,
    "4_12": 48913.754370731025,
    "4_13": 188184.90117621815,
    "4_14": 86234.80657753044,
    "4_15": 112649.39069826927,
    "4_16": 75756.97274328845,
    "4_17": 129461.4964721389,
    "4_18": 88586.55038235479,
    "4_19": 113325.07678272914,
    "4_20": 84298.53471250809,
    "4_21": 73413.71866880682,
    "4_22": 59465.40446958471,
    "4_23": 190419.48138338482,
    "4_24": 73405.76416571697,
    "5_0": 213439.49424401837,
    "5_1": 87523.79893888286,
    "5_2": 100204.82110002446,
    "5_3": 125935.4479800601,
    "5_4": 43324.18713946618,
    "5_5": 0.0,
    "5_6": 42605.76652104539,
    "5_7": 52107.01124252795,
    "5_8": 89509.94214484627,
    "5_9": 157244.61160867158,
    "5_10": 100214.44279772785,
    "5_11": 115975.16465091982,
    "5_12": 90043.70783091792,
    "5_13": 226023.0353772473,
    "5_14": 50495.57646785895,
    "5_15": 135898.499568041,
    "5_16": 33773.92930104741,
    "5_17": 86164.88199557288,
    "5_18": 116265.06048717957,
    "5_19": 108689.26086802525,
    "5_20": 108803.07097906008,
    "5_21": 33665.45145588645,
    "5_22": 81647.12693393296,
    "5_23": 197386.71173993326,
    "5_24": 48897.85758953292,
    "6_0": 255792.33060409795,
    "6_1": 105716.0777887048,
    "6_2": 142678.69916898315,
    "6_3": 157077.5619888504,
    "6_4": 81006.64791012644,
    "6_5": 42605.76652104539,
    "6_6": 0.0,
    "6_7": 70922.10751108607,
    "6_8": 129079.46652592666,
    "6_9": 199466.3598839835,
    "6_10": 120142.7075630598,
    "6_11": 121332.31748908805,
    "6_12": 120894.35688679041,
    "6_13": 267759.89508375776,
    "6_14": 9982.177772363126,
    "6_15": 143531.51377129095,
    "6_16": 39256.41595477133,
    "6_17": 61150.48780846986,
    "6_18": 130285.05680092474,
    "6_19": 141700.28112337136,
    "6_20": 120609.26756043643,
    "6_21": 46624.018279313656,
    "6_22": 96008.37441522491,
    "6_23": 233390.82727541635,
    "6_24": 76664.25814780606,
    "7_0": 220043.65588363842,
    "7_1": 137717.98701508224,
    "7_2": 103019.55964459642,
    "7_3": 165825.32534406576,
    "7_4": 83781.37371594377,
    "7_5": 52107.01124252795,
    "7_6": 70922.10751108607,
    "7_7": 0.0,
    "7_8": 75308.17499844448,
    "7_9": 167555.4534823654,
    "7_10": 50096.179546726,
    "7_11": 168022.38028666482,
    "7_12": 132494.13767591014,
    "7_13": 237346.5407801549,
    "7_14": 80868.65348995729,
    "7_15": 187635.67803349896,
    "7_16": 31701.266006403537,
    "7_17": 70610.10286837438,
    "7_18": 166973.01134983238,
    "7_19": 74595.08463572562,
    "7_20": 160139.75212072136,
    "7_21": 24465.216046933743,
    "7_22": 132993.9915326086,
    "7_23": 167108.34184830636,
    "7_24": 15421.255819736041,
    "8_0": 146954.9465282665,
    "8_1": 138728.40171027044,
    "8_2": 36100.9160878013,
    "8_3": 135226.46970644713,
    "8_4": 81565.27074667465,
    "8_5": 89509.94214484627,
    "8_6": 129079.46652592666,
    "8_7": 75308.17499844448,
    "8_8": 0.0,
    "8_9": 98433.11098043063,
    "8_10": 74907.29287997645,
    "8_11": 178018.64375076815,
    "8_12": 113796.4145265118,
    "8_13": 166278.97251289774,
    "8_14": 138272.37690515872,
    "8_15": 191521.31704467998,
    "8_16": 97357.03884228387,
    "8_17": 145785.66777931812,
    "8_18": 165992.41204316533,
    "8_19": 38515.923429563176,
    "8_20": 163635.96591336347,
    "8_21": 89596.15277939328,
    "8_22": 140520.32854106207,
    "8_23": 109933.08299895408,
    "8_24": 60801.281639229295,
    "9_0": 56500.76416893613,
    "9_1": 148795.34693545042,
    "9_2": 64788.35146774106,
    "9_3": 102581.73148574813,
    "9_4": 121817.20856950208,
    "9_5": 157244.61160867158,
    "9_6": 199466.3598839835,
    "9_7": 167555.4534823654,
    "9_8": 98433.11098043063,
    "9_9": 0.0,
    "9_10": 172925.01905807416,
    "9_11": 186190.3436430891,
    "9_12": 111058.79005864494,
    "9_13": 69997.4975979774,
    "9_14": 206210.222695102,
    "9_15": 188654.07747869202,
    "9_16": 180066.46296645608,
    "9_17": 234362.16376524404,
    "9_18": 163753.48023762094,
    "9_19": 129250.47010136701,
    "9_20": 167830.62006685298,
    "9_21": 173850.31879389222,
    "9_22": 157653.5484370119,
    "9_23": 138421.82294405854,
    "9_24": 152134.25270649325,
    "10_0": 218274.42887625305,
    "10_1": 181056.80568485943,
    "10_2": 110705.38088092378,
    "10_3": 197940.22910261937,
    "10_4": 122846.78040971718,
    "10_5": 100214.44279772785,
    "10_6": 120142.7075630598,
    "10_7": 50096.179546726,
    "10_8": 74907.29287997645,
    "10_9": 172925.01905807416,
    "10_10": 0.0,
    "10_11": 214493.37856709654,
    "10_12": 168627.25090634075,
    "10_13": 239245.0362667171,
    "10_14": 129956.59677358721,
    "10_15": 232906.02004600543,
    "10_16": 81039.7869838193,
    "10_17": 102288.73888747852,
    "10_18": 210490.0115543222,
    "10_19": 48736.62659891453,
    "10_20": 204797.0832149136,
    "10_21": 74377.39745038425,
    "10_22": 178048.77258760508,
    "10_23": 131864.2656005151,
    "10_24": 51852.28639515808,
    "11_0": 236272.70062523652,
    "11_1": 40357.99089168249,
    "11_2": 164140.11785622378,
    "11_3": 90817.63791747698,
    "11_4": 97188.09219021886,
    "11_5": 115975.16465091982,
    "11_6": 121332.31748908805,
    "11_7": 168022.38028666482,
    "11_8": 178018.64375076815,
    "11_9": 186190.3436430891,
    "11_10": 214493.37856709654,
    "11_11": 0.0,
    "11_12": 75904.21384646361,
    "11_13": 236445.16589139102,
    "11_14": 117569.07384533974,
    "11_15": 22453.549056128668,
    "11_16": 145569.1429140443,
    "11_17": 182399.92815410165,
    "11_18": 25671.422028705452,
    "11_19": 210460.1210062228,
    "11_20": 18459.549650250538,
    "11_21": 148238.3417023491,
    "11_22": 37729.989071357966,
    "11_23": 284613.478184008,
    "11_24": 162682.30474557308,
    "12_0": 163409.3455020392,
    "12_1": 37793.13126748987,
    "12_2": 92200.82852718387,
    "12_3": 36322.760291886145,
    "12_4": 48913.754370731025,
    "12_5": 90043.70783091792,
    "12_6": 120894.35688679041,
    "12_7": 132494.13767591014,
    "12_8": 113796.4145265118,
    "12_9": 111058.79005864494,
    "12_10": 168627.25090634075,
    "12_11": 75904.21384646361,
    "12_12": 0.0,
    "12_13": 166919.0077397006,
    "12_14": 123385.95747545315,
    "12_15": 82519.5030896882,
    "12_16": 123562.91495577451,
    "12_17": 175425.13708471504,
    "12_18": 56274.93004805789,
    "12_19": 150656.47298701984,
    "12_20": 57972.14240354652,
    "12_21": 121906.57524368822,
    "12_22": 47481.658264781254,
    "12_23": 213771.921405548,
    "12_24": 121331.0867651966,
    "13_0": 25506.845382333973,
    "13_1": 203769.35195051003,
    "13_2": 134351.92935270074,
    "13_3": 145882.05615374102,
    "13_4": 188184.90117621815,
    "13_5": 226023.0353772473,
    "13_6": 267759.89508375776,
    "13_7": 237346.5407801549,
    "13_8": 166278.97251289774,
    "13_9": 69997.4975979774,
    "13_10": 239245.0362667171,
    "13_11": 236445.16589139102,
    "13_12": 166919.0077397006,
    "13_13": 0.0,
    "13_14": 273970.75549330394,
    "13_15": 233415.20834698336,
    "13_16": 249916.74088136884,
    "13_17": 304344.1665994662,
    "13_18": 211598.15634784437,
    "13_19": 192919.98482325466,
    "13_20": 218164.99804181387,
    "13_21": 243792.2854593153,
    "13_22": 214282.5848623345,
    "13_23": 174597.89618526792,
    "13_24": 221932.4523095743,
    "14_0": 262649.1039942494,
    "14_1": 105240.62360241862,
    "14_2": 150676.1712657461,
    "14_3": 159258.97406429928,
    "14_4": 86234.80657753044,
    "14_5": 50495.57646785895,
    "14_6": 9982.177772363126,
    "14_7": 80868.65348995729,
    "14_8": 138272.37690515872,
    "14_9": 206210.222695102,
    "14_10": 129956.59677358721,
    "14_11": 117569.07384533974,
    "14_12": 123385.95747545315,
    "14_13": 273970.75549330394,
    "14_14": 0.0,
    "14_15": 139952.05875814185,
    "14_16": 49182.54255660557,
    "14_17": 65347.98619513818,
    "14_18": 128345.18723861028,
    "14_19": 151584.22315895924,
    "14_20": 118315.52959903039,
    "14_21": 56599.41548821866,
    "14_22": 94880.16379227159,
    "14_23": 243152.79726986936,
    "14_24": 86598.57229421666,
    "15_0": 235665.18462495794,
    "15_1": 53164.65807811453,
    "15_2": 174125.17324213675,
    "15_3": 88188.26176817811,
    "15_4": 112649.39069826927,
    "15_5": 135898.499568041,
    "15_6": 143531.51377129095,
    "15_7": 187635.67803349896,
    "15_8": 191521.31704467998,
    "15_9": 188654.07747869202,
    "15_10": 232906.02004600543,
    "15_11": 22453.549056128668,
    "15_12": 82519.5030896882,
    "15_13": 233415.20834698336,
    "15_14": 139952.05875814185,
    "15_15": 0.0,
    "15_16": 166503.94919795875,
    "15_17": 204650.52825135097,
    "15_18": 26273.653064951162,
    "15_19": 225628.18156887987,
    "15_20": 28366.44439848652,
    "15_21": 168749.32049260972,
    "15_22": 54878.68440612507,
    "15_23": 295580.75977445586,
    "15_24": 181336.9720088299,
    "16_0": 235010.42446069387,
    "16_1": 120317.82880665186,
    "16_2": 118075.05403344518,
    "16_3": 159196.21786136797,
    "16_4": 75756.97274328845,
    "16_5": 33773.92930104741,
    "16_6": 39256.41595477133,
    "16_7": 31701.266006403537,
    "16_8": 97357.03884228387,
    "16_9": 180066.46296645608,
    "16_10": 81039.7869838193,
    "16_11": 145569.1429140443,
    "16_12": 123562.91495577451,
    "16_13": 249916.74088136884,
    "16_14": 49182.54255660557,
    "16_15": 166503.94919795875,
    "16_16": 0.0,
    "16_17": 55354.601558196664,
    "16_18": 148466.30430447898,
    "16_19": 104307.81479238383,
    "16_20": 140346.148019314,
    "16_21": 8089.595696858754,
    "16_22": 113443.47387782754,
    "16_23": 196718.7125756651,
    "16_24": 39347.230583069104,
    "17_0": 288515.07882845425,
    "17_1": 165496.06648292046,
    "17_2": 171088.78035195588,
    "17_3": 211625.1924996933,
    "17_4": 129461.4964721389,
    "17_5": 86164.88199557288,
    "17_6": 61150.48780846986,
    "17_7": 70610.10286837438,
    "17_8": 145785.66777931812,
    "17_9": 234362.16376524404,
    "17_10": 102288.73888747852,
    "17_11": 182399.92815410165,
    "17_12": 175425.13708471504,
    "17_13": 304344.1665994662,
    "17_14": 65347.98619513818,
    "17_15": 204650.52825135097,
    "17_16": 55354.601558196664,
    "17_17": 0.0,
    "17_18": 191095.83112741902,
    "17_19": 141797.6481103429,
    "17_20": 181599.8988105373,
    "17_21": 60692.74515130327,
    "17_22": 156441.86015031947,
    "17_23": 232488.59492161285,
    "17_24": 85052.0984055705,
    "18_0": 212321.20652305987,
    "18_1": 29447.28917537925,
    "18_2": 147887.79767304988,
    "18_3": 65730.14518422935,
    "18_4": 88586.55038235479,
    "18_5": 116265.06048717957,
    "18_6": 130285.05680092474,
    "18_7": 166973.01134983238,
    "18_8": 165992.41204316533,
    "18_9": 163753.48023762094,
    "18_10": 210490.0115543222,
    "18_11": 25671.422028705452,
    "18_12": 56274.93004805789,
    "18_13": 211598.15634784437,
    "18_14": 128345.18723861028,
    "18_15": 26273.653064951162,
    "18_16": 148466.30430447898,
    "18_17": 191095.83112741902,
    "18_18": 0.0,
    "18_19": 200748.78468809376,
    "18_20": 10842.174419239545,
    "18_21": 149781.0051857896,
    "18_22": 35115.102237572064,
    "18_23": 269383.32019308786,
    "18_24": 159451.2549686708,
    "19_0": 171029.86841642,
    "19_1": 172470.84971203457,
    "19_2": 72693.21342953268,
    "19_3": 173583.49660490433,
    "19_4": 113325.07678272914,
    "19_5": 108689.26086802525,
    "19_6": 141700.28112337136,
    "19_7": 74595.08463572562,
    "19_8": 38515.923429563176,
    "19_9": 129250.47010136701,
    "19_10": 48736.62659891453,
    "19_11": 210460.1210062228,
    "19_12": 150656.47298701984,
    "19_13": 192919.98482325466,
    "19_14": 151584.22315895924,
    "19_15": 225628.18156887987,
    "19_16": 104307.81479238383,
    "19_17": 141797.6481103429,
    "19_18": 200748.78468809376,
    "19_19": 0.0,
    "19_20": 197376.68280677995,
    "19_21": 96265.68162481512,
    "19_22": 172731.93401018408,
    "19_23": 92559.74767775137,
    "19_24": 65177.027732342685,
    "20_0": 217819.92871022815,
    "20_1": 24945.428313330995,
    "20_2": 147727.98757257735,
    "20_3": 72785.99631629713,
    "20_4": 84298.53471250809,
    "20_5": 108803.07097906008,
    "20_6": 120609.26756043643,
    "20_7": 160139.75212072136,
    "20_8": 163635.96591336347,
    "20_9": 167830.62006685298,
    "20_10": 204797.0832149136,
    "20_11": 18459.549650250538,
    "20_12": 57972.14240354652,
    "20_13": 218164.99804181387,
    "20_14": 118315.52959903039,
    "20_15": 28366.44439848652,
    "20_16": 140346.148019314,
    "20_17": 181599.8988105373,
    "20_18": 10842.174419239545,
    "20_19": 197376.68280677995,
    "20_20": 0.0,
    "20_21": 142066.2814149368,
    "20_22": 27170.725357593423,
    "20_23": 268797.2202959733,
    "20_24": 153361.47231215797,
    "21_0": 228455.04840484433,
    "21_1": 121166.25184577702,
    "21_2": 111262.01727063708,
    "21_3": 157085.47341999633,
    "21_4": 73413.71866880682,
    "21_5": 33665.45145588645,
    "21_6": 46624.018279313656,
    "21_7": 24465.216046933743,
    "21_8": 89596.15277939328,
    "21_9": 173850.31879389222,
    "21_10": 74377.39745038425,
    "21_11": 148238.3417023491,
    "21_12": 121906.57524368822,
    "21_13": 243792.2854593153,
    "21_14": 56599.41548821866,
    "21_15": 168749.32049260972,
    "21_16": 8089.595696858754,
    "21_17": 60692.74515130327,
    "21_18": 149781.0051857896,
    "21_19": 96265.68162481512,
    "21_20": 142066.2814149368,
    "21_21": 0.0,
    "21_22": 114978.53308847247,
    "21_23": 188648.3089614648,
    "21_24": 31259.929984780298,
    "22_0": 210792.50064895677,
    "22_1": 12010.788047141075,
    "22_2": 128491.25129744167,
    "22_3": 74865.5756038204,
    "22_4": 59465.40446958471,
    "22_5": 81647.12693393296,
    "22_6": 96008.37441522491,
    "22_7": 132993.9915326086,
    "22_8": 140520.32854106207,
    "22_9": 157653.5484370119,
    "22_10": 178048.77258760508,
    "22_11": 37729.989071357966,
    "22_12": 47481.658264781254,
    "22_13": 214282.5848623345,
    "22_14": 94880.16379227159,
    "22_15": 54878.68440612507,
    "22_16": 113443.47387782754,
    "22_17": 156441.86015031947,
    "22_18": 35115.102237572064,
    "22_19": 172731.93401018408,
    "22_20": 27170.725357593423,
    "22_21": 114978.53308847247,
    "22_22": 0.0,
    "22_23": 247910.52864654406,
    "22_24": 126458.42939105445,
    "23_0": 149091.35913190583,
    "23_1": 244419.3137206741,
    "23_2": 121580.56467193631,
    "23_3": 224286.88890788791,
    "23_4": 190419.48138338482,
    "23_5": 197386.71173993326,
    "23_6": 233390.82727541635,
    "23_7": 167108.34184830636,
    "23_8": 109933.08299895408,
    "23_9": 138421.82294405854,
    "23_10": 131864.2656005151,
    "23_11": 284613.478184008,
    "23_12": 213771.921405548,
    "23_13": 174597.89618526792,
    "23_14": 243152.79726986936,
    "23_15": 295580.75977445586,
    "23_16": 196718.7125756651,
    "23_17": 232488.59492161285,
    "23_18": 269383.32019308786,
    "23_19": 92559.74767775137,
    "23_20": 268797.2202959733,
    "23_21": 188648.3089614648,
    "23_22": 247910.52864654406,
    "23_23": 0.0,
    "23_24": 157424.03359421913,
    "24_0": 204725.37074381305,
    "24_1": 130012.1280599205,
    "24_2": 87617.51962101668,
    "24_3": 153564.32576532738,
    "24_4": 73405.76416571697,
    "24_5": 48897.85758953292,
    "24_6": 76664.25814780606,
    "24_7": 15421.255819736041,
    "24_8": 60801.281639229295,
    "24_9": 152134.25270649325,
    "24_10": 51852.28639515808,
    "24_11": 162682.30474557308,
    "24_12": 121331.0867651966,
    "24_13": 221932.4523095743,
    "24_14": 86598.57229421666,
    "24_15": 181336.9720088299,
    "24_16": 39347.230583069104,
    "24_17": 85052.0984055705,
    "24_18": 159451.2549686708,
    "24_19": 65177.027732342685,
    "24_20": 153361.47231215797,
    "24_21": 31259.929984780298,
    "24_22": 126458.42939105445,
    "24_23": 157424.03359421913,
    "24_24": 0.0
}