{
    "0_0": 0.0,
    "0_1": 50777.590165410926,
    "0_2": 39538.063247036735,
    "0_3": 215379.5135751386,
    "0_4": 79721.24090671829,
    "0_5": 31673.542062322245,
    "0_6": 107838.5403690405,
    "0_7": 195610.12127523933,
    "0_8": 169207.8208582615,
    "0_9": 51700.411819910296,
    "0_10": 254771.92158600138,
    "0_11": 90097.0781360655,
    "0_12": 4276.260795761761,
    "0_13": 202229.1252427543,
    "0_14": 165853.9221007883,
    "0_15": 137549.78084090495,
    "0_16": 167877.1657643957,
    "0_17": 131181.30553052417,
    "0_18": 226904.8968019692,
    "0_19": 221715.33080745343,
    "0_20": 119640.33768069028,
    "0_21": 145946.93924560686,
    "0_22": 219102.3316953902,
    "0_23": 134306.92172865212,
    "0_24": 67257.62723268537,
    "1_0": 50777.590165410926,
    "1_1": 0.0,
    "1_2": 47809.24655259862,
    "1_3": 187026.15469208115,
    "1_4": 30081.489995538413,
    "1_5": 71790.3179754204,
    "1_6": 85973.29436857109,
    "1_7": 181827.56963720534,
    "1_8": 174569.02834289373,
    "1_9": 91020.21771176795,
    "1_10": 217243.99927711012,
    "1_11": 40309.804346952,
    "1_12": 51745.55544129934,
    "1_13": 186477.9056016654,
    "1_14": 119205.00374515778,
    "1_15": 96758.348689327,
    "1_16": 133429.04465932248,
    "1_17": 90458.33466135261,
    "1_18": 206732.74005079857,
    "1_19": 181000.35004164377,
    "1_20": 71404.21338077688,
    "1_21": 125131.8912549406,
    "1_22": 192783.7086874471,
    "1_23": 84222.83578023723,
    "1_24": 21329.258254908807,
    "2_0": 39538.063247036735,
    "2_1": 47809.24655259862,
    "2_2": 0.0,
    "2_3": 176936.3239079093,
    "2_4": 65654.91273872142,
    "2_5": 71203.57082438999,
    "2_6": 69429.9887289206,
    "2_7": 156222.83535106946,
    "2_8": 134445.1684668746,
    "2_9": 48670.33148761983,
    "2_10": 219283.5706573923,
    "2_11": 85110.48669665343,
    "2_12": 43649.57898240281,
    "2_13": 162736.47546160844,
    "2_14": 165049.94843926714,
    "2_15": 106486.41862607528,
    "2_16": 132031.10713142616,
    "2_17": 100384.30264919982,
    "2_18": 187393.41910133645,
    "2_19": 188472.72021967085,
    "2_20": 116832.64878729949,
    "2_21": 106721.24524751595,
    "2_22": 180232.9719803447,
    "2_23": 126341.0539506506,
    "2_24": 69137.58167551513,
    "3_0": 215379.5135751386,
    "3_1": 187026.15469208115,
    "3_2": 176936.3239079093,
    "3_3": 0.0,
    "3_4": 166046.25552057102,
    "3_5": 246590.80478766654,
    "3_6": 107593.56151104756,
    "3_7": 62798.27511034993,
    "3_8": 130542.84923281126,
    "3_9": 208122.1898206459,
    "3_10": 62530.637934060454,
    "3_11": 183872.5263341268,
    "3_12": 219128.9962631904,
    "3_13": 54955.251756362784,
    "3_14": 221756.53697296692,
    "3_15": 99160.82330747921,
    "3_16": 57384.82400568178,
    "3_17": 103831.52547885348,
    "3_18": 41386.601157202895,
    "3_19": 67435.90884586793,
    "3_20": 195545.93016114944,
    "3_21": 71924.73574376527,
    "3_22": 10770.703912423287,
    "3_23": 183141.70033737773,
    "3_24": 194955.04289961557,
    "4_0": 79721.24090671829,
    "4_1": 30081.489995538413,
    "4_2": 65654.91273872142,
    "4_3": 166046.25552057102,
    "4_4": 0.0,
    "4_5": 101847.90606382594,
    "4_6": 75114.51071639186,
    "4_7": 169753.1972306659,
    "4_8": 174290.70819732387,
    "4_9": 113518.68657924078,
    "4_10": 190867.20793787148,
    "4_11": 24320.97319837195,
    "4_12": 81153.60789718047,
    "4_13": 173062.33104621636,
    "4_14": 101388.03971563782,
    "4_15": 70595.81107250508,
    "4_16": 110123.57379088321,
    "4_17": 64621.00999795361,
    "4_18": 190151.0227390802,
    "4_19": 153372.89681497024,
    "4_20": 53818.282033616306,
    "4_21": 111208.59471073937,
    "4_22": 172877.77722226665,
    "4_23": 60803.89554665618,
    "4_24": 29103.19107766074,
    "5_0": 31673.542062322245,
    "5_1": 71790.3179754204,
    "5_2": 71203.57082438999,
    "5_3": 246590.80478766654,
    "5_4": 101847.90606382594,
    "5_5": 0.0,
    "5_6": 139194.79564956902,
    "5_7": 227123.97227388795,
    "5_8": 197992.92211118582,
    "5_9": 71297.63886819038,
    "5_10": 284313.19487740635,
    "5_11": 105991.10072465136,
    "5_12": 27652.073040336854,
    "5_13": 233829.27382423065,
    "5_14": 174040.0472416079,
    "5_15": 165491.5982588784,
    "5_16": 197903.97749324885,
    "5_17": 159093.8347084259,
    "5_18": 258578.3054917105,
    "5_19": 250085.35569842125,
    "5_20": 131616.95282773336,
    "5_21": 177542.8792413383,
    "5_22": 250517.88888108433,
    "5_23": 148987.94324853434,
    "5_24": 81841.5822042612,
    "6_0": 107838.5403690405,
    "6_1": 85973.29436857109,
    "6_2": 69429.9887289206,
    "6_3": 107593.56151104756,
    "6_4": 75114.51071639186,
    "6_5": 139194.79564956902,
    "6_6": 0.0,
    "6_7": 96047.04071006915,
    "6_8": 103683.52389654062,
    "6_9": 105772.65056776868,
    "6_10": 151767.40976620055,
    "6_11": 98738.44056697274,
    "6_12": 111640.82147278699,
    "6_13": 100505.30836565538,
    "6_14": 165841.28667260983,
    "6_15": 54861.635829822975,
    "6_16": 65323.23046376001,
    "6_17": 51202.36806311131,
    "6_18": 121598.5786952108,
    "6_19": 124724.6664726047,
    "6_20": 123331.80053919807,
    "6_21": 39532.53572196416,
    "6_22": 111327.28959223985,
    "6_23": 121439.62435022423,
    "6_24": 99898.91714806242,
    "7_0": 195610.12127523933,
    "7_1": 181827.56963720534,
    "7_2": 156222.83535106946,
    "7_3": 62798.27511034993,
    "7_4": 169753.1972306659,
    "7_5": 227123.97227388795,
    "7_6": 96047.04071006915,
    "7_7": 0.0,
    "7_8": 70228.0294325013,
    "7_9": 174134.42458810986,
    "7_10": 125136.43913397632,
    "7_11": 192206.7030355778,
    "7_12": 199790.0718703959,
    "7_13": 9612.90955876052,
    "7_14": 248510.93948517114,
    "7_15": 119812.34603580547,
    "7_16": 87313.01973442716,
    "7_17": 121526.15789107616,
    "7_18": 39106.892856977254,
    "7_19": 125800.4497775491,
    "7_20": 212458.53186840692,
    "7_21": 58703.465154779056,
    "7_22": 55762.27626064538,
    "7_23": 205423.6887562517,
    "7_24": 195779.91890853256,
    "8_0": 169207.8208582615,
    "8_1": 174569.02834289373,
    "8_2": 134445.1684668746,
    "8_3": 130542.84923281126,
    "8_4": 174290.70819732387,
    "8_5": 197992.92211118582,
    "8_6": 103683.52389654062,
    "8_7": 70228.0294325013,
    "8_8": 0.0,
    "8_9": 132170.45105788458,
    "8_10": 192886.9648454981,
    "8_11": 198610.4362331008,
    "8_12": 173440.48679801886,
    "8_13": 79699.44796266533,
    "8_14": 269452.323508792,
    "8_15": 150970.90612376144,
    "8_16": 134459.4801734709,
    "8_17": 149662.2191390861,
    "8_18": 108121.39295812369,
    "8_19": 186350.4032968696,
    "8_20": 225809.96224995484,
    "8_21": 87750.14492095985,
    "8_22": 125022.16540982432,
    "8_23": 225076.94268250902,
    "8_24": 193495.53323764078,
    "9_0": 51700.411819910296,
    "9_1": 91020.21771176795,
    "9_2": 48670.33148761983,
    "9_3": 208122.1898206459,
    "9_4": 113518.68657924078,
    "9_5": 71297.63886819038,
    "9_6": 105772.65056776868,
    "9_7": 174134.42458810986,
    "9_8": 132170.45105788458,
    "9_9": 0.0,
    "9_10": 257251.3985618381,
    "9_11": 130852.90794713784,
    "9_12": 54755.65552091157,
    "9_13": 182284.1503018279,
    "9_14": 210225.18270416505,
    "9_15": 151602.85811626862,
    "9_16": 171085.36393550603,
    "9_17": 145839.53892710336,
    "9_18": 210103.32086819524,
    "9_19": 230040.2370854444,
    "9_20": 162333.54336152144,
    "9_21": 136235.09363262678,
    "9_22": 209335.28341099102,
    "9_23": 173618.79130001087,
    "9_24": 111413.305296155,
    "10_0": 254771.92158600138,
    "10_1": 217243.99927711012,
    "10_2": 219283.5706573923,
    "10_3": 62530.637934060454,
    "10_4": 190867.20793787148,
    "10_5": 284313.19487740635,
    "10_6": 151767.40976620055,
    "10_7": 125136.43913397632,
    "10_8": 192886.9648454981,
    "10_9": 257251.3985618381,
    "10_10": 0.0,
    "10_11": 202638.8632735136,
    "10_12": 258018.78758524483,
    "10_13": 116868.78620844537,
    "10_14": 217840.248685479,
    "10_15": 120585.66902389072,
    "10_16": 87252.46925536549,
    "10_17": 126823.01684137287,
    "10_18": 96742.60271175184,
    "10_19": 40814.65299248033,
    "10_20": 204714.35949880866,
    "10_21": 124377.38668639278,
    "10_22": 69716.31770267933,
    "10_23": 187791.24086372653,
    "10_24": 219474.22513393065,
    "11_0": 90097.0781360655,
    "11_1": 40309.804346952,
    "11_2": 85110.48669665343,
    "11_3": 183872.5263341268,
    "11_4": 24320.97319837195,
    "11_5": 105991.10072465136,
    "11_6": 98738.44056697274,
    "11_7": 192206.7030355778,
    "11_8": 198610.4362331008,
    "11_9": 130852.90794713784,
    "11_10": 202638.8632735136,
    "11_11": 0.0,
    "11_12": 90437.77268879252,
    "11_13": 195020.39687342077,
    "11_14": 79940.29649666598,
    "11_15": 85423.47378153536,
    "11_16": 126815.67909873767,
    "11_17": 80216.88087889235,
    "11_18": 210583.71382681988,
    "11_19": 163447.13905526933,
    "11_20": 31726.306012024343,
    "11_21": 133505.80001637127,
    "11_22": 191429.11703153345,
    "11_23": 44209.90733863417,
    "11_24": 24149.64889476544,
    "12_0": 4276.260795761761,
    "12_1": 51745.55544129934,
    "12_2": 43649.57898240281,
    "12_3": 219128.9962631904,
    "12_4": 81153.60789718047,
    "12_5": 27652.073040336854,
    "12_6": 111640.82147278699,
    "12_7": 199790.0718703959,
    "12_8": 173440.48679801886,
    "12_9": 54755.65552091157,
    "12_10": 258018.78758524483,
    "12_11": 90437.77268879252,
    "12_12": 0.0,
    "12_13": 206375.17728304,
    "12_14": 165256.07880321707,
    "12_15": 140360.43620494546,
    "12_16": 171234.23601307833,
    "12_17": 133979.1956582391,
    "12_18": 230959.58121145755,
    "12_19": 224670.42648771955,
    "12_20": 119480.16241269636,
    "12_21": 149894.17041648744,
    "12_22": 222942.49517472213,
    "12_23": 134617.41064889554,
    "12_24": 67202.38395893239,
    "13_0": 202229.1252427543,
    "13_1": 186477.9056016654,
    "13_2": 162736.47546160844,
    "13_3": 54955.251756362784,
    "13_4": 173062.33104621636,
    "13_5": 233829.27382423065,
    "13_6": 100505.30836565538,
    "13_7": 9612.90955876052,
    "13_8": 79699.44796266533,
    "13_9": 182284.1503018279,
    "13_10": 116868.78620844537,
    "13_11": 195020.39687342077,
    "13_12": 206375.17728304,
    "13_13": 0.0,
    "13_14": 248820.05730508934,
    "13_15": 119941.13671150566,
    "13_16": 85120.0090001672,
    "13_17": 122139.09357589118,
    "13_18": 29598.261407327234,
    "13_19": 119615.09368317208,
    "13_20": 214127.79996802396,
    "13_21": 61923.94962459881,
    "13_22": 47208.55850465027,
    "13_23": 206228.32405458423,
    "13_24": 199688.63801646806,
    "14_0": 165853.9221007883,
    "14_1": 119205.00374515778,
    "14_2": 165049.94843926714,
    "14_3": 221756.53697296692,
    "14_4": 101388.03971563782,
    "14_5": 174040.0472416079,
    "14_6": 165841.28667260983,
    "14_7": 248510.93948517114,
    "14_8": 269452.323508792,
    "14_9": 210225.18270416505,
    "14_10": 217840.248685479,
    "14_11": 79940.29649666598,
    "14_12": 165256.07880321707,
    "14_13": 248820.05730508934,
    "14_14": 0.0,
    "14_15": 128879.38983535035,
    "14_16": 166985.6140611182,
    "14_17": 127000.61171709959,
    "14_18": 256939.0203352387,
    "14_19": 177401.13738369112,
    "14_20": 48218.14805051311,
    "14_21": 192231.04814126727,
    "14_22": 231441.24253166033,
    "14_23": 44412.845438635886,
    "14_24": 99257.2040748738,
    "15_0": 137549.78084090495,
    "15_1": 96758.348689327,
    "15_2": 106486.41862607528,
    "15_3": 99160.82330747921,
    "15_4": 70595.81107250508,
    "15_5": 165491.5982588784,
    "15_6": 54861.635829822975,
    "15_7": 119812.34603580547,
    "15_8": 150970.90612376144,
    "15_9": 151602.85811626862,
    "15_10": 120585.66902389072,
    "15_11": 85423.47378153536,
    "15_12": 140360.43620494546,
    "15_13": 119941.13671150566,
    "15_14": 128879.38983535035,
    "15_15": 0.0,
    "15_16": 41779.57211148597,
    "15_17": 6397.856272401672,
    "15_18": 129741.86600417642,
    "15_19": 84625.40501860637,
    "15_20": 96937.32478777821,
    "15_21": 65805.39551103619,
    "15_22": 107411.8854202384,
    "15_23": 86697.31054273865,
    "15_24": 99541.97467188383,
    "16_0": 167877.1657643957,
    "16_1": 133429.04465932248,
    "16_2": 132031.10713142616,
    "16_3": 57384.82400568178,
    "16_4": 110123.57379088321,
    "16_5": 197903.97749324885,
    "16_6": 65323.23046376001,
    "16_7": 87313.01973442716,
    "16_8": 134459.4801734709,
    "16_9": 171085.36393550603,
    "16_10": 87252.46925536549,
    "16_11": 126815.67909873767,
    "16_12": 171234.23601307833,
    "16_13": 85120.0090001672,
    "16_14": 166985.6140611182,
    "16_15": 41779.57211148597,
    "16_16": 0.0,
    "16_17": 46608.90374413849,
    "16_18": 89954.7058570941,
    "16_19": 60132.05554870814,
    "16_20": 138343.07158678464,
    "16_21": 48248.65525447623,
    "16_22": 65834.8201530229,
    "16_23": 126725.67557049834,
    "16_24": 139216.3136927647,
    "17_0": 131181.30553052417,
    "17_1": 90458.33466135261,
    "17_2": 100384.30264919982,
    "17_3": 103831.52547885348,
    "17_4": 64621.00999795361,
    "17_5": 159093.8347084259,
    "17_6": 51202.36806311131,
    "17_7": 121526.15789107616,
    "17_8": 149662.2191390861,
    "17_9": 145839.53892710336,
    "17_10": 126823.01684137287,
    "17_11": 80216.88087889235,
    "17_12": 133979.1956582391,
    "17_13": 122139.09357589118,
    "17_14": 127000.61171709959,
    "17_15": 6397.856272401672,
    "17_16": 46608.90374413849,
    "17_17": 0.0,
    "17_18": 133198.24074921434,
    "17_19": 91018.76114231274,
    "17_20": 93223.5258777313,
    "17_21": 66024.59757730954,
    "17_22": 111777.82312923404,
    "17_23": 84091.52529034893,
    "17_24": 93643.66550598618,
    "18_0": 226904.8968019692,
    "18_1": 206732.74005079857,
    "18_2": 187393.41910133645,
    "18_3": 41386.601157202895,
    "18_4": 190151.0227390802,
    "18_5": 258578.3054917105,
    "18_6": 121598.5786952108,
    "18_7": 39106.892856977254,
    "18_8": 108121.39295812369,
    "18_9": 210103.32086819524,
    "18_10": 96742.60271175184,
    "18_11": 210583.71382681988,
    "18_12": 230959.58121145755,
    "18_13": 29598.261407327234,
    "18_14": 256939.0203352387,
    "18_15": 129741.86600417642,
    "18_16": 89954.7058570941,
    "18_17": 133198.24074921434,
    "18_18": 0.0,
    "18_19": 108606.68782796348,
    "18_20": 226421.757580668,
    "18_21": 82073.88359488995,
    "18_22": 30755.095950329127,
    "18_23": 216196.44540548482,
    "18_24": 218009.00193013804,
    "19_0": 221715.33080745343,
    "19_1": 181000.35004164377,
    "19_2": 188472.72021967085,
    "19_3": 67435.90884586793,
    "19_4": 153372.89681497024,
    "19_5": 250085.35569842125,
    "19_6": 124724.6664726047,
    "19_7": 125800.4497775491,
    "19_8": 186350.4032968696,
    "19_9": 230040.2370854444,
    "19_10": 40814.65299248033,
    "19_11": 163447.13905526933,
    "19_12": 224670.42648771955,
    "19_13": 119615.09368317208,
    "19_14": 177401.13738369112,
    "19_15": 84625.40501860637,
    "19_16": 60132.05554870814,
    "19_17": 91018.76114231274,
    "19_18": 108606.68782796348,
    "19_19": 0.0,
    "19_20": 164142.75457353235,
    "19_21": 105913.9767709142,
    "19_22": 77873.61792822144,
    "19_23": 147017.13935451186,
    "19_24": 181432.52185028995,
    "20_0": 119640.33768069028,
    "20_1": 71404.21338077688,
    "20_2": 116832.64878729949,
    "20_3": 195545.93016114944,
    "20_4": 53818.282033616306,
    "20_5": 131616.95282773336,
    "20_6": 123331.80053919807,
    "20_7": 212458.53186840692,
    "20_8": 225809.96224995484,
    "20_9": 162333.54336152144,
    "20_10": 204714.35949880866,
    "20_11": 31726.306012024343,
    "20_12": 119480.16241269636,
    "20_13": 214127.79996802396,
    "20_14": 48218.14805051311,
    "20_15": 96937.32478777821,
    "20_16": 138343.07158678464,
    "20_17": 93223.5258777313,
    "20_18": 226421.757580668,
    "20_19": 164142.75457353235,
    "20_20": 0.0,
    "20_21": 154272.80828480417,
    "20_22": 204173.53515749786,
    "20_23": 20419.155789437584,
    "20_24": 52391.360841587375,
    "21_0": 145946.93924560686,
    "21_1": 125131.8912549406,
    "21_2": 106721.24524751595,
    "21_3": 71924.73574376527,
    "21_4": 111208.59471073937,
    "21_5": 177542.8792413383,
    "21_6": 39532.53572196416,
    "21_7": 58703.465154779056,
    "21_8": 87750.14492095985,
    "21_9": 136235.09363262678,
    "21_10": 124377.38668639278,
    "21_11": 133505.80001637127,
    "21_12": 149894.17041648744,
    "21_13": 61923.94962459881,
    "21_14": 192231.04814126727,
    "21_15": 65805.39551103619,
    "21_16": 48248.65525447623,
    "21_17": 66024.59757730954,
    "21_18": 82073.88359488995,
    "21_19": 105913.9767709142,
    "21_20": 154272.80828480417,
    "21_21": 0.0,
    "21_22": 73921.87552153571,
    "21_23": 148430.06422524786,
    "21_24": 137792.82483437215,
    "22_0": 219102.3316953902,
    "22_1": 192783.7086874471,
    "22_2": 180232.9719803447,
    "22_3": 10770.703912423287,
    "22_4": 172877.77722226665,
    "22_5": 250517.88888108433,
    "22_6": 111327.28959223985,
    "22_7": 55762.27626064538,
    "22_8": 125022.16540982432,
    "22_9": 209335.28341099102,
    "22_10": 69716.31770267933,
    "22_11": 191429.11703153345,
    "22_12": 222942.49517472213,
    "22_13": 47208.55850465027,
    "22_14": 231441.24253166033,
    "22_15": 107411.8854202384,
    "22_16": 65834.8201530229,
    "22_17": 111777.82312923404,
    "22_18": 30755.095950329127,
    "22_19": 77873.61792822144,
    "22_20": 204173.53515749786,
    "22_21": 73921.87552153571,
    "22_22": 0.0,
    "22_23": 192284.30821109164,
    "22_24": 201602.28708002318,
    "23_0": 134306.92172865212,
    "23_1": 84222.83578023723,
    "23_2": 126341.0539506506,
    "23_3": 183141.70033737773,
    "23_4": 60803.89554665618,
    "23_5": 148987.94324853434,
    "23_6": 121439.62435022423,
    "23_7": 205423.6887562517,
    "23_8": 225076.94268250902,
    "23_9": 173618.79130001087,
    "23_10": 187791.24086372653,
    "23_11": 44209.90733863417,
    "23_12": 134617.41064889554,
    "23_13": 206228.32405458423,
    "23_14": 44412.845438635886,
    "23_15": 86697.31054273865,
    "23_16": 126725.67557049834,
    "23_17": 84091.52529034893,
    "23_18": 216196.44540548482,
    "23_19": 147017.13935451186,
    "23_20": 20419.155789437584,
    "23_21": 148430.06422524786,
    "23_22": 192284.30821109164,
    "23_23": 0.0,
    "23_24": 67739.41066353835,
    "24_0": 67257.62723268537,
    "24_1": 21329.258254908807,
    "24_2": 69137.58167551513,
    "24_3": 194955.04289961557,
    "24_4": 29103.19107766074,
    "24_5": 81841.5822042612,
    "24_6": 99898.91714806242,
    "24_7": 195779.91890853256,
    "24_8": 193495.53323764078,
    "24_9": 111413.305296155,
    "24_10": 219474.22513393065,
    "24_11": 24149.64889476544,
    "24_12": 67202.38395893239,
    "24_13": 199688.63801646806,
    "24_14": 99257.2040748738,
    "24_15": 99541.97467188383,
    "24_16": 139216.3136927647,
    "24_17": 93643.66550598618,
    "24_18": 218009.00193013804,
    "24_19": 181432.52185028995,
    "24_20": 52391.360841587375,
    "24_21": 137792.82483437215,
    "24_22": 201602.28708002318,
    "24_23": 67739.41066353835,
    "24_24": 0.0
}