{
    "0_0": 0.0,
    "0_1": 175133.55488071442,
    "0_2": 199089.50434266432,
    "0_3": 127596.91512559672,
    "0_4": 18455.82990517965,
    "0_5": 171930.98956668857,
    "0_6": 83342.04487867506,
    "0_7": 93238.32359747001,
    "0_8": 103815.34326340262,
    "0_9": 163240.37060315436,
    "0_10": 29782.999133873338,
    "0_11": 191843.5173291394,
    "0_12": 148437.74823126898,
    "0_13": 121560.32290928838,
    "0_14": 59375.98208803089,
    "0_15": 87924.1860516037,
    "0_16": 184301.68000081967,
    "0_17": 141919.14924161494,
    "0_18": 20902.53320115962,
    "0_19": 34531.72165662285,
    "0_20": 34735.53042554063,
    "0_21": 109491.6104882527,
    "0_22": 84576.49003145439,
    "0_23": 58695.96679605639,
    "0_24": 225784.21358941623,
    "1_0": 175133.55488071442,
    "1_1": 0.0,
    "1_2": 39597.74537031919,
    "1_3": 92098.64483907082,
    "1_4": 171356.44625233172,
    "1_5": 39210.89748571401,
    "1_6": 177126.58483570255,
    "1_7": 267163.4130084242,
    "1_8": 226818.44343993865,
    "1_9": 205318.00259261296,
    "1_10": 202980.68480415907,
    "1_11": 176310.9353834421,
    "1_12": 136285.94272475675,
    "1_13": 60423.54585664956,
    "1_14": 118185.11727649772,
    "1_15": 180195.36005326977,
    "1_16": 40839.10764536679,
    "1_17": 208370.11341186563,
    "1_18": 195665.87672093822,
    "1_19": 150298.7254368859,
    "1_20": 196234.8334350147,
    "1_21": 110946.3214680116,
    "1_22": 97375.81396019628,
    "1_23": 128531.08664647923,
    "1_24": 74647.96600195162,
    "2_0": 199089.50434266432,
    "2_1": 39597.74537031919,
    "2_2": 0.0,
    "2_3": 91963.65657744795,
    "2_4": 198304.09009439257,
    "2_5": 29109.44388726203,
    "2_6": 184747.59926017548,
    "2_7": 288034.3024077298,
    "2_8": 234371.61155096596,
    "2_9": 196843.85999188537,
    "2_10": 228232.7949009418,
    "2_11": 157664.19434361267,
    "2_12": 175853.92116600237,
    "2_13": 95542.61058673271,
    "2_14": 146343.77576637472,
    "2_15": 215638.46809776447,
    "2_16": 17927.48581534364,
    "2_17": 205157.24289530408,
    "2_18": 219983.35033562538,
    "2_19": 178665.10710924093,
    "2_20": 215223.60680110403,
    "2_21": 148654.6269553389,
    "2_22": 115675.59206442558,
    "2_23": 159363.62654424433,
    "2_24": 35105.2549324928,
    "3_0": 127596.91512559672,
    "3_1": 92098.64483907082,
    "3_2": 91963.65657744795,
    "3_3": 0.0,
    "3_4": 133810.03685668917,
    "3_5": 63517.28250218328,
    "3_6": 93468.38345107365,
    "3_7": 206520.141472535,
    "3_8": 142699.68086184532,
    "3_9": 113906.11560858811,
    "3_10": 157135.22730941031,
    "3_11": 96514.70958584403,
    "3_12": 177352.89477453826,
    "3_13": 88630.2908050054,
    "3_14": 94391.98298342578,
    "3_15": 177477.01721555353,
    "3_16": 74072.09378510511,
    "3_17": 116429.01435622794,
    "3_18": 147499.75206136316,
    "3_19": 120566.30331393568,
    "3_20": 133649.4255646657,
    "3_21": 133899.6110113734,
    "3_22": 49631.23343627413,
    "3_23": 112398.20845464143,
    "3_24": 107417.76903570663,
    "4_0": 18455.82990517965,
    "4_1": 171356.44625233172,
    "4_2": 198304.09009439257,
    "4_3": 133810.03685668917,
    "4_4": 0.0,
    "4_5": 172325.0417438771,
    "4_6": 100121.32976563953,
    "4_7": 102732.0556324903,
    "4_8": 122267.87369277528,
    "4_9": 179437.36251525063,
    "4_10": 32881.93027118663,
    "4_11": 204748.89250480797,
    "4_12": 132137.4551032994,
    "4_13": 114745.85117265569,
    "4_14": 53201.26852784923,
    "4_15": 69516.40671773527,
    "4_16": 184560.84139341005,
    "4_17": 159033.27754025714,
    "4_18": 28683.544899614808,
    "4_19": 22194.232166668386,
    "4_20": 52582.51171357951,
    "4_21": 95520.42894947623,
    "4_22": 87234.97704901505,
    "4_23": 47216.31668278147,
    "4_24": 226879.90571687135,
    "5_0": 171930.98956668857,
    "5_1": 39210.89748571401,
    "5_2": 29109.44388726203,
    "5_3": 63517.28250218328,
    "5_4": 172325.0417438771,
    "5_5": 0.0,
    "5_6": 155779.5117977324,
    "5_7": 259732.98318108107,
    "5_8": 205481.6777251934,
    "5_9": 172009.73578227113,
    "5_10": 201365.18323139305,
    "5_11": 138330.5053807119,
    "5_12": 165989.84642685606,
    "5_13": 78279.76867542931,
    "5_14": 121615.03709790447,
    "5_15": 195586.40858291293,
    "5_16": 12388.429908020908,
    "5_17": 178400.83623895526,
    "5_18": 192827.06253240127,
    "5_19": 153572.05811798607,
    "5_20": 186732.78266131625,
    "5_21": 132885.86592826716,
    "5_22": 87755.60068233783,
    "5_23": 136030.61023770933,
    "5_24": 54780.47292404496,
    "6_0": 83342.04487867506,
    "6_1": 177126.58483570255,
    "6_2": 184747.59926017548,
    "6_3": 93468.38345107365,
    "6_4": 100121.32976563953,
    "6_5": 155779.5117977324,
    "6_6": 0.0,
    "6_7": 126056.1550908352,
    "6_8": 49885.56448865826,
    "6_9": 80135.81164778631,
    "6_10": 103272.32906702148,
    "6_11": 117412.39914060626,
    "6_12": 209136.37916535922,
    "6_13": 145745.97671248647,
    "6_14": 103228.99196205813,
    "6_15": 167693.40671484475,
    "6_16": 167023.95398366722,
    "6_17": 59018.28863310693,
    "6_18": 93740.59970240439,
    "6_19": 103940.22566118775,
    "6_20": 63912.872379068125,
    "6_21": 163534.23117523588,
    "6_22": 84897.87359412719,
    "6_23": 116372.01808588808,
    "6_24": 200349.43597131275,
    "7_0": 93238.32359747001,
    "7_1": 267163.4130084242,
    "7_2": 288034.3024077298,
    "7_3": 206520.141472535,
    "7_4": 102732.0556324903,
    "7_5": 259732.98318108107,
    "7_6": 126056.1550908352,
    "7_7": 0.0,
    "7_8": 102795.95335442429,
    "7_9": 193493.239982933,
    "7_10": 70488.12815464882,
    "7_11": 241928.5931273283,
    "7_12": 229509.27208190176,
    "7_13": 214797.12500941334,
    "7_14": 152592.3176311553,
    "7_15": 150687.2749312534,
    "7_16": 272070.11468934605,
    "7_17": 165858.79382610365,
    "7_18": 74419.72146900164,
    "7_19": 124677.09717284213,
    "7_20": 73242.12368497138,
    "7_21": 197465.15898511367,
    "7_22": 172417.8433481844,
    "7_23": 149807.9952671853,
    "7_24": 311599.161105977,
    "8_0": 103815.34326340262,
    "8_1": 226818.44343993865,
    "8_2": 234371.61155096596,
    "8_3": 142699.68086184532,
    "8_4": 122267.87369277528,
    "8_5": 205481.6777251934,
    "8_6": 49885.56448865826,
    "8_7": 102795.95335442429,
    "8_8": 0.0,
    "8_9": 92062.75230600033,
    "8_10": 111186.14496187729,
    "8_11": 146001.49316702082,
    "8_12": 246429.09857877588,
    "8_13": 192334.825071367,
    "8_14": 142656.98650021263,
    "8_15": 191568.85375707314,
    "8_16": 216581.24378862797,
    "8_17": 64091.73449896758,
    "8_18": 104265.85961316751,
    "8_19": 133815.37075342194,
    "8_20": 71340.06806981907,
    "8_21": 202667.49605994602,
    "8_22": 132807.1517124409,
    "8_23": 152151.64351563525,
    "8_24": 248684.9322829436,
    "9_0": 163240.37060315436,
    "9_1": 205318.00259261296,
    "9_2": 196843.85999188537,
    "9_3": 113906.11560858811,
    "9_4": 179437.36251525063,
    "9_5": 172009.73578227113,
    "9_6": 80135.81164778631,
    "9_7": 193493.239982933,
    "9_8": 92062.75230600033,
    "9_9": 0.0,
    "9_10": 183019.41325301837,
    "9_11": 60724.95842486448,
    "9_12": 274759.1165395529,
    "9_13": 195926.96116411831,
    "9_14": 171785.84771325166,
    "9_15": 245094.06698961937,
    "9_16": 179655.89912403797,
    "9_17": 27979.21461934879,
    "9_18": 173670.39305201013,
    "9_19": 180346.7398169841,
    "9_20": 142563.62715705435,
    "9_21": 228479.7161404865,
    "9_22": 138016.725799374,
    "9_23": 187877.43582710816,
    "9_24": 198514.45041725272,
    "10_0": 29782.999133873338,
    "10_1": 202980.68480415907,
    "10_2": 228232.7949009418,
    "10_3": 157135.22730941031,
    "10_4": 32881.93027118663,
    "10_5": 201365.18323139305,
    "10_6": 103272.32906702148,
    "10_7": 70488.12815464882,
    "10_8": 111186.14496187729,
    "10_9": 183019.41325301837,
    "10_10": 0.0,
    "10_11": 216973.2235833669,
    "10_12": 160437.71795436938,
    "10_13": 147333.38766622002,
    "10_14": 85317.40761489511,
    "10_15": 87113.37458520991,
    "10_16": 213716.43189666036,
    "10_17": 159313.62542272775,
    "10_18": 10089.319261042492,
    "10_19": 55076.12528717826,
    "10_20": 41395.57566402311,
    "10_21": 126982.72114574879,
    "10_22": 114257.22357208982,
    "10_23": 80051.0176508689,
    "10_24": 255393.5188344573,
    "11_0": 191843.5173291394,
    "11_1": 176310.9353834421,
    "11_2": 157664.19434361267,
    "11_3": 96514.70958584403,
    "11_4": 204748.89250480797,
    "11_5": 138330.5053807119,
    "11_6": 117412.39914060626,
    "11_7": 241928.5931273283,
    "11_8": 146001.49316702082,
    "11_9": 60724.95842486448,
    "11_10": 216973.2235833669,
    "11_11": 0.0,
    "11_12": 273327.5997046324,
    "11_13": 185096.54523332315,
    "11_14": 181035.7270128253,
    "11_15": 262382.9323140779,
    "11_16": 142576.7916778159,
    "11_17": 85387.59255917103,
    "11_18": 206962.07606937538,
    "11_19": 199108.85749174395,
    "11_20": 180413.0362248922,
    "11_21": 228859.9439719759,
    "11_22": 138588.31253037596,
    "11_23": 199000.44120714554,
    "11_24": 150866.82258624845,
    "12_0": 148437.74823126898,
    "12_1": 136285.94272475675,
    "12_2": 175853.92116600237,
    "12_3": 177352.89477453826,
    "12_4": 132137.4551032994,
    "12_5": 165989.84642685606,
    "12_6": 209136.37916535922,
    "12_7": 229509.27208190176,
    "12_8": 246429.09857877588,
    "12_9": 274759.1165395529,
    "12_10": 160437.71795436938,
    "12_11": 273327.5997046324,
    "12_12": 0.0,
    "12_13": 91457.27510099676,
    "12_14": 105911.82716049172,
    "12_15": 84510.39796953434,
    "12_16": 173349.77512984164,
    "12_17": 263608.4585398849,
    "12_18": 159801.8210771171,
    "12_19": 114462.98099292669,
    "12_20": 182898.28252913727,
    "12_21": 46317.123098971824,
    "12_22": 137577.07289722183,
    "12_23": 94288.96273977136,
    "12_24": 210932.40092389428,
    "13_0": 121560.32290928838,
    "13_1": 60423.54585664956,
    "13_2": 95542.61058673271,
    "13_3": 88630.2908050054,
    "13_4": 114745.85117265569,
    "13_5": 78279.76867542931,
    "13_6": 145745.97671248647,
    "13_7": 214797.12500941334,
    "13_8": 192334.825071367,
    "13_9": 195926.96116411831,
    "13_10": 147333.38766622002,
    "13_11": 185096.54523332315,
    "13_12": 91457.27510099676,
    "13_13": 0.0,
    "13_14": 62288.632738619635,
    "13_15": 120277.77626903079,
    "13_16": 87852.03739840747,
    "13_17": 190746.1052062092,
    "13_18": 141109.13601150116,
    "13_19": 92857.9692405394,
    "13_20": 147820.0157554835,
    "13_21": 54614.24477227011,
    "13_22": 61307.11280780096,
    "13_23": 69464.7711109451,
    "13_24": 129523.50040111276,
    "14_0": 59375.98208803089,
    "14_1": 118185.11727649772,
    "14_2": 146343.77576637472,
    "14_3": 94391.98298342578,
    "14_4": 53201.26852784923,
    "14_5": 121615.03709790447,
    "14_6": 103228.99196205813,
    "14_7": 152592.3176311553,
    "14_8": 142656.98650021263,
    "14_9": 171785.84771325166,
    "14_10": 85317.40761489511,
    "14_11": 181035.7270128253,
    "14_12": 105911.82716049172,
    "14_13": 62288.632738619635,
    "14_14": 0.0,
    "14_15": 83198.43008948572,
    "14_16": 133583.8184807244,
    "14_17": 158417.03987771037,
    "14_18": 78834.91928681763,
    "14_19": 32380.852154633332,
    "14_20": 87870.05490885997,
    "14_21": 60499.00546515916,
    "14_22": 44834.193805994946,
    "14_23": 18197.9247292461,
    "14_24": 176394.58780969685,
    "15_0": 87924.1860516037,
    "15_1": 180195.36005326977,
    "15_2": 215638.46809776447,
    "15_3": 177477.01721555353,
    "15_4": 69516.40671773527,
    "15_5": 195586.40858291293,
    "15_6": 167693.40671484475,
    "15_7": 150687.2749312534,
    "15_8": 191568.85375707314,
    "15_9": 245094.06698961937,
    "15_10": 87113.37458520991,
    "15_11": 262382.9323140779,
    "15_12": 84510.39796953434,
    "15_13": 120277.77626903079,
    "15_14": 83198.43008948572,
    "15_15": 0.0,
    "15_16": 206420.87835200143,
    "15_17": 226656.2702828589,
    "15_18": 90262.12373494737,
    "15_19": 64817.85647617898,
    "15_20": 120847.4155404645,
    "15_21": 72349.69500675269,
    "15_22": 128019.40395330243,
    "15_23": 65088.55229535711,
    "15_24": 248984.21321820217,
    "16_0": 184301.68000081967,
    "16_1": 40839.10764536679,
    "16_2": 17927.48581534364,
    "16_3": 74072.09378510511,
    "16_4": 184560.84139341005,
    "16_5": 12388.429908020908,
    "16_6": 167023.95398366722,
    "16_7": 272070.11468934605,
    "16_8": 216581.24378862797,
    "16_9": 179655.89912403797,
    "16_10": 213716.43189666036,
    "16_11": 142576.7916778159,
    "16_12": 173349.77512984164,
    "16_13": 87852.03739840747,
    "16_14": 133583.8184807244,
    "16_15": 206420.87835200143,
    "16_16": 0.0,
    "16_17": 187427.22754491554,
    "16_18": 205199.41574510257,
    "16_19": 165643.36255334684,
    "16_20": 199037.3872145923,
    "16_21": 142234.3783884298,
    "16_22": 100143.3032561998,
    "16_23": 147688.43019549473,
    "16_24": 42955.01429827361,
    "17_0": 141919.14924161494,
    "17_1": 208370.11341186563,
    "17_2": 205157.24289530408,
    "17_3": 116429.01435622794,
    "17_4": 159033.27754025714,
    "17_5": 178400.83623895526,
    "17_6": 59018.28863310693,
    "17_7": 165858.79382610365,
    "17_8": 64091.73449896758,
    "17_9": 27979.21461934879,
    "17_10": 159313.62542272775,
    "17_11": 85387.59255917103,
    "17_12": 263608.4585398849,
    "17_13": 190746.1052062092,
    "17_14": 158417.03987771037,
    "17_15": 226656.2702828589,
    "17_16": 187427.22754491554,
    "17_17": 0.0,
    "17_18": 150349.4288665768,
    "17_19": 162594.8163084887,
    "17_20": 118202.55062836388,
    "17_21": 217387.70426594882,
    "17_22": 130273.24618545582,
    "17_23": 173161.09652584186,
    "17_24": 211282.1213688913,
    "18_0": 20902.53320115962,
    "18_1": 195665.87672093822,
    "18_2": 219983.35033562538,
    "18_3": 147499.75206136316,
    "18_4": 28683.544899614808,
    "18_5": 192827.06253240127,
    "18_6": 93740.59970240439,
    "18_7": 74419.72146900164,
    "18_8": 104265.85961316751,
    "18_9": 173670.39305201013,
    "18_10": 10089.319261042492,
    "18_11": 206962.07606937538,
    "18_12": 159801.8210771171,
    "18_13": 141109.13601150116,
    "18_14": 78834.91928681763,
    "18_15": 90262.12373494737,
    "18_16": 205199.41574510257,
    "18_17": 150349.4288665768,
    "18_18": 0.0,
    "18_19": 50307.49071255159,
    "18_20": 33301.675880844996,
    "18_21": 124184.92953595323,
    "18_22": 105402.07320359682,
    "18_23": 75428.34882675056,
    "18_24": 246629.64633177532,
    "19_0": 34531.72165662285,
    "19_1": 150298.7254368859,
    "19_2": 178665.10710924093,
    "19_3": 120566.30331393568,
    "19_4": 22194.232166668386,
    "19_5": 153572.05811798607,
    "19_6": 103940.22566118775,
    "19_7": 124677.09717284213,
    "19_8": 133815.37075342194,
    "19_9": 180346.7398169841,
    "19_10": 55076.12528717826,
    "19_11": 199108.85749174395,
    "19_12": 114462.98099292669,
    "19_13": 92857.9692405394,
    "19_14": 32380.852154633332,
    "19_15": 64817.85647617898,
    "19_16": 165643.36255334684,
    "19_17": 162594.8163084887,
    "19_18": 50307.49071255159,
    "19_19": 0.0,
    "19_20": 68502.19069109722,
    "19_21": 74998.7757203572,
    "19_22": 71772.73856480765,
    "19_23": 25130.89828267301,
    "19_24": 208332.84850213447,
    "20_0": 34735.53042554063,
    "20_1": 196234.8334350147,
    "20_2": 215223.60680110403,
    "20_3": 133649.4255646657,
    "20_4": 52582.51171357951,
    "20_5": 186732.78266131625,
    "20_6": 63912.872379068125,
    "20_7": 73242.12368497138,
    "20_8": 71340.06806981907,
    "20_9": 142563.62715705435,
    "20_10": 41395.57566402311,
    "20_11": 180413.0362248922,
    "20_12": 182898.28252913727,
    "20_13": 147820.0157554835,
    "20_14": 87870.05490885997,
    "20_15": 120847.4155404645,
    "20_16": 199037.3872145923,
    "20_17": 118202.55062836388,
    "20_18": 33301.675880844996,
    "20_19": 68502.19069109722,
    "20_20": 0.0,
    "20_21": 142737.8658188926,
    "20_22": 99947.98430130979,
    "20_23": 91223.3919611794,
    "20_24": 238359.33506812557,
    "21_0": 109491.6104882527,
    "21_1": 110946.3214680116,
    "21_2": 148654.6269553389,
    "21_3": 133899.6110113734,
    "21_4": 95520.42894947623,
    "21_5": 132885.86592826716,
    "21_6": 163534.23117523588,
    "21_7": 197465.15898511367,
    "21_8": 202667.49605994602,
    "21_9": 228479.7161404865,
    "21_10": 126982.72114574879,
    "21_11": 228859.9439719759,
    "21_12": 46317.123098971824,
    "21_13": 54614.24477227011,
    "21_14": 60499.00546515916,
    "21_15": 72349.69500675269,
    "21_16": 142234.3783884298,
    "21_17": 217387.70426594882,
    "21_18": 124184.92953595323,
    "21_19": 74998.7757203572,
    "21_20": 142737.8658188926,
    "21_21": 0.0,
    "21_22": 91718.22367827219,
    "21_23": 51613.254065574365,
    "21_24": 183250.18634016742,
    "22_0": 84576.49003145439,
    "22_1": 97375.81396019628,
    "22_2": 115675.59206442558,
    "22_3": 49631.23343627413,
    "22_4": 87234.97704901505,
    "22_5": 87755.60068233783,
    "22_6": 84897.87359412719,
    "22_7": 172417.8433481844,
    "22_8": 132807.1517124409,
    "22_9": 138016.725799374,
    "22_10": 114257.22357208982,
    "22_11": 138588.31253037596,
    "22_12": 137577.07289722183,
    "22_13": 61307.11280780096,
    "22_14": 44834.193805994946,
    "22_15": 128019.40395330243,
    "22_16": 100143.3032561998,
    "22_17": 130273.24618545582,
    "22_18": 105402.07320359682,
    "22_19": 71772.73856480765,
    "22_20": 99947.98430130979,
    "22_21": 91718.22367827219,
    "22_22": 0.0,
    "22_23": 62943.363981654715,
    "22_24": 141231.03350150265,
    "23_0": 58695.96679605639,
    "23_1": 128531.08664647923,
    "23_2": 159363.62654424433,
    "23_3": 112398.20845464143,
    "23_4": 47216.31668278147,
    "23_5": 136030.61023770933,
    "23_6": 116372.01808588808,
    "23_7": 149807.9952671853,
    "23_8": 152151.64351563525,
    "23_9": 187877.43582710816,
    "23_10": 80051.0176508689,
    "23_11": 199000.44120714554,
    "23_12": 94288.96273977136,
    "23_13": 69464.7711109451,
    "23_14": 18197.9247292461,
    "23_15": 65088.55229535711,
    "23_16": 147688.43019549473,
    "23_17": 173161.09652584186,
    "23_18": 75428.34882675056,
    "23_19": 25130.89828267301,
    "23_20": 91223.3919611794,
    "23_21": 51613.254065574365,
    "23_22": 62943.363981654715,
    "23_23": 0.0,
    "23_24": 190640.91199745357,
    "24_0": 225784.21358941623,
    "24_1": 74647.96600195162,
    "24_2": 35105.2549324928,
    "24_3": 107417.76903570663,
    "24_4": 226879.90571687135,
    "24_5": 54780.47292404496,
    "24_6": 200349.43597131275,
    "24_7": 311599.161105977,
    "24_8": 248684.9322829436,
    "24_9": 198514.45041725272,
    "24_10": 255393.5188344573,
    "24_11": 150866.82258624845,
    "24_12": 210932.40092389428,
    "24_13": 129523.50040111276,
    "24_14": 176394.58780969685,
    "24_15": 248984.21321820217,
    "24_16": 42955.01429827361,
    "24_17": 211282.1213688913,
    "24_18": 246629.64633177532,
    "24_19": 208332.84850213447,
    "24_20": 238359.33506812557,
    "24_21": 183250.18634016742,
    "24_22": 141231.03350150265,
    "24_23": 190640.91199745357,
    "24_24": 0.0
}